DateAndTime,AirTemp @2m: Min,AirTemp @2m: Max,AirTemp @2m: Avg,AirTemp @2m: SDv,Humidity @2m: Min,Humidity @2m: Max,Humidity @2m: Avg,Humidity @2m: SDv,WindSp @2m: Min,WindSp @2m: Max,WindSp @2m: Avg,WindSp @2m: SDv,WindDir @2m: Min,WindDir @2m: Max,WindDir @2m: Avg,WindDir @2m: SDv,AirTemp @8m: Min,AirTemp @8m: Max,AirTemp @8m: Avg,AirTemp @8m: SDv,Humidity @8m: Min,Humidity @8m: Max,Humidity @8m: Avg,Humidity @8m: SDv,AirTemp @16m: Min,AirTemp @16m: Max,AirTemp @16m: Avg,AirTemp @16m: SDv,Humidity @16m: Min,Humidity @16m: Max,Humidity @16m: Avg,Humidity @16m: SDv,WindDir @16m: Min,WindDir @16m: Max,WindDir @16m: Avg,WindDir @16m: SDv,AirTemp @50m: Min,AirTemp @50m: Max,AirTemp @50m: Avg,AirTemp @50m: SDv,Humidity @50m: Min,Humidity @50m: Max,Humidity @50m: Avg,Humidity @50m: SDv,WindSp @50m: Min,WindSp @50m: Max,WindSp @50m: Avg,WindSp @50m: SDv,WindDir @50m: Min,WindDir @50m: Max,WindDir @50m: Avg,WindDir @50m: SDv,SoilTemp @5cm: Min,SoilTemp @5cm: Max,SoilTemp @5cm: Avg,SoilTemp @5cm: SDv,SoilTemp @GND: Min,SoilTemp @GND: Max,SoilTemp @GND: Avg,SoilTemp @GND: SDv,SoilTemp @-5cm: Min,SoilTemp @-5cm: Max,SoilTemp @-5cm: Avg,SoilTemp @-5cm: SDv,SoilTemp @-10cm: Min,SoilTemp @-10cm: Max,SoilTemp @-10cm: Avg,SoilTemp @-10cm: SDv,SoilTemp @-20cm: Min,SoilTemp @-20cm: Max,SoilTemp @-20cm: Avg,SoilTemp @-20cm: SDv,SoilTemp @-50cm: Min,SoilTemp @-50cm: Max,SoilTemp @-50cm: Avg,SoilTemp @-50cm: SDv,SoilTemp @-1mt: Min,SoilTemp @-1mt: Max,SoilTemp @-1mt: Avg,SoilTemp @-1mt: SDv,ShortWave Radiation: Min,ShortWave Radiation: Max,ShortWave Radiation: Avg,ShortWave Radiation: SDv,LongWave Radiation: Min,LongWave Radiation: Max,LongWave Radiation: Avg,LongWave Radiation: SDv,RainFall-2: Min,RainFall-2: Max,RainFall-2: Avg,RainFall-2: SDv,Pressure- 01: Min,Pressure- 01: Max,Pressure- 01: Avg,Pressure- 01: SDv
21-Apr-16 08:30:00,60,31.33,2.43,64.8,76.4,75.2,0.9,0.4,3.3,1.3,0.6,19,355,338,128,-2,60,14.36,10,12.1,33,19.5,4.7,-20.93,54.81,30.51,3.4,0,94.8,91.8,6.9,0,9,220,160,-13.19,29.76,29.32,3.54,0.2,79.6,78.5,6.6,0,3,2,0.5,0,354,346,91,32.57,32.61,32.59,0.01,33.35,33.41,33.38,0.02,32.05,32.23,32.14,0.05,31.48,31.56,31.52,0.02,32.52,32.53,32.52,0,34.86,34.89,34.87,0.01,33.7,33.72,33.71,0.01,340,2100,371,104,-250,-60,-67,12,0,0,0,0,1011.6,1011.8,1011.7,0.1
21-Apr-16 08:35:00,31.12,30.98,0.06,75.6,76.4,75.9,0.2,0.4,2.9,1.2,0.5,19,355,25,134,-6.77,40.27,2.99,5.25,10.8,29.5,14.3,2.3,30.41,30.59,30.53,0.04,92.1,94.1,92.7,0.2,0,9,181,171,29.61,29.78,29.69,0.04,78.9,79.2,79,0.1,0.7,2.7,1.7,0.4,0,355,346,96,32.6,32.68,32.65,0.03,33.39,33.46,33.44,0.02,32.23,32.37,32.3,0.04,31.56,31.65,31.6,0.03,32.53,32.54,32.53,0,34.84,34.86,34.85,0.01,33.69,33.7,33.7,0,261,341,297,27,-61,-55,-58,1,0,0,0,0,1011.8,1011.9,1011.8,0
21-Apr-16 08:40:00,31.04,30.95,0.05,76.1,76.9,76.5,0.2,0.4,2.1,0.9,0.5,20,355,296,37,-3.07,60,18.88,13.77,12.5,79,46.3,30.3,30.44,30.63,30.54,0.04,92.8,95.1,93.5,0.5,204,355,306,28,29.58,29.81,29.73,0.06,78.3,79.3,79,0.3,0.3,2.7,1.4,0.6,233,343,307,25,32.66,32.69,32.67,0.01,33.39,33.45,33.43,0.02,32.37,32.48,32.43,0.03,31.65,31.73,31.69,0.03,32.54,32.56,32.55,0.01,34.82,34.84,34.83,0.01,33.68,33.69,33.68,0,261,479,336,52,-59,-55,-57,1,0,0,0,0,1011.9,1012.1,1012,0.1
21-Apr-16 08:45:00,31.12,30.92,0.12,74.9,76.2,75.3,0.2,0.4,1.7,0.6,0.4,19,355,309,93,21.83,41.09,30.39,1.28,60.7,77.8,76.1,2.4,30.45,30.78,30.61,0.1,91.5,95.4,93.9,1.2,0,9,254,121,29.55,29.97,29.75,0.12,77.8,78.5,78.1,0.2,0,2.3,1.1,0.6,0,354,330,85,32.68,32.75,32.71,0.02,33.38,33.41,33.4,0.01,32.48,32.55,32.52,0.02,31.73,31.82,31.78,0.02,32.56,32.58,32.57,0.01,34.81,34.82,34.82,0,33.67,33.68,33.67,0,304,596,359,88,-56,-47,-51,2,0,0,0,0,1012.1,1012.1,1012.1,0
21-Apr-16 08:50:00,31.38,31.23,0.07,74.8,76.1,75.4,0.3,0.4,2.7,1.1,0.6,19,355,239,76,5.38,36.35,30.27,3.12,44,77.6,76,3.8,30.62,31,30.83,0.09,90.5,95.2,92,1.4,102,93,213,67,29.88,30.27,30.11,0.1,77.2,77.8,77.5,0.1,0,3.3,1.3,1,3,351,263,43,32.75,32.92,32.84,0.05,33.4,33.52,33.48,0.04,32.55,32.63,32.59,0.02,31.82,31.9,31.86,0.02,32.58,32.6,32.59,0.01,34.79,34.81,34.8,0,33.66,33.67,33.66,0,292,579,487,111,-52,-47,-50,1,0,0,0,0,1012,1012.1,1012.1,0
21-Apr-16 08:55:00,31.25,31.06,0.14,76.1,78,76.8,0.6,0.7,2.7,1.5,0.5,201,317,238,20,11.92,39.39,30.2,2.48,26.8,79.9,76.3,9.4,30.46,30.7,30.6,0.06,91.8,93.3,92.6,0.4,217,315,259,25,29.64,29.92,29.81,0.07,77.8,79.8,79,0.6,0.7,3.1,2,0.5,237,302,268,15,32.92,32.99,32.97,0.02,33.52,33.58,33.56,0.01,32.63,32.73,32.68,0.03,31.9,31.98,31.94,0.02,32.6,32.62,32.61,0.01,34.78,34.79,34.79,0,33.65,33.66,33.65,0,149,549,266,135,-56,-49,-52,2,0,0,0,0,1012.1,1012.2,1012.1,0
21-Apr-16 09:00:00,30.91,30.71,0.08,77.8,79.4,78.8,0.5,0.4,2.4,1,0.6,214,334,270,26,-4.72,60,29.63,4.04,23.8,80.7,78.4,7.4,30.18,30.48,30.37,0.06,92.9,94,93.5,0.2,207,319,278,21,29.38,29.77,29.66,0.08,79.8,80.7,80.3,0.2,0.5,2.8,1.7,0.6,237,321,276,17,32.84,32.96,32.9,0.03,33.45,33.55,33.5,0.02,32.73,32.81,32.78,0.02,31.98,32.04,32.01,0.02,32.62,32.64,32.63,0.01,34.77,34.78,34.78,0.01,33.64,33.65,33.65,0,120,148,128,8,-50,-46,-48,1,0,0,0,0,1012.2,1012.2,1012.2,0
21-Apr-16 09:05:00,30.6,30.45,0.08,79.1,80.2,79.9,0.2,0.4,2,1.1,0.5,191,292,240,20,28.21,31.88,30.13,0.21,80.2,81.3,81,0.2,29.95,30.22,30.09,0.07,93.2,94.5,94.1,0.2,215,280,248,11,29.26,29.53,29.4,0.07,80.5,81.6,81.2,0.2,0.9,2.8,2.2,0.3,236,269,253,6,32.63,32.84,32.74,0.06,33.27,33.45,33.36,0.05,32.81,32.83,32.83,0.01,32.04,32.11,32.07,0.02,32.64,32.67,32.65,0.01,34.76,34.77,34.76,0,33.63,33.64,33.64,0,121,128,124,2,-46,-42,-44,1,0,0,0,0,1012.2,1012.3,1012.3,0
21-Apr-16 09:10:00,30.44,30.33,0.04,80.1,80.7,80.4,0.2,0.4,2,1.2,0.5,201,287,245,16,29.29,30.3,30.04,0.09,78.2,81.9,81.4,0.5,29.94,30.08,30.01,0.03,94.2,94.8,94.5,0.1,213,287,253,14,29.27,29.42,29.34,0.04,81.6,82.1,81.8,0.1,1.8,3.6,2.5,0.3,219,285,256,9,32.41,32.63,32.53,0.06,33.07,33.27,33.18,0.06,32.79,32.83,32.81,0.01,32.11,32.17,32.14,0.02,32.67,32.69,32.68,0.01,34.74,34.76,34.75,0,33.63,33.63,33.63,0,127,177,152,13,-45,-41,-43,1,0,0,0,0,1012.3,1012.4,1012.3,0
21-Apr-16 09:15:00,30.44,30.37,0.04,79.7,80.8,80.5,0.3,0.4,2.5,0.8,0.5,126,325,274,31,30.01,30.44,30.11,0.05,75.7,82,81.6,0.5,29.94,30.13,30.05,0.05,93.7,94.8,94.4,0.3,217,319,273,20,29.15,29.43,29.29,0.06,81.3,82.1,81.8,0.2,1,3.4,2.3,0.4,235,295,270,11,32.21,32.41,32.32,0.06,32.87,33.07,32.98,0.05,32.73,32.79,32.76,0.02,32.17,32.23,32.2,0.02,32.69,32.72,32.7,0.01,34.73,34.74,34.74,0,33.62,33.63,33.62,0,129,151,134,5,-42,-40,-41,1,0,0,0,0,1012.3,1012.4,1012.3,0
21-Apr-16 09:20:00,30.46,30.35,0.05,79.1,79.8,79.5,0.2,0.4,2.3,1.1,0.5,208,329,271,23,29.89,30.23,30.09,0.06,79,81,80.7,0.3,29.92,30.13,30.03,0.04,93,93.8,93.4,0.2,237,317,283,17,29.26,29.41,29.33,0.03,81.1,81.6,81.4,0.1,0.5,3.6,1.8,0.8,231,305,269,13,32.05,32.21,32.12,0.05,32.72,32.87,32.79,0.04,32.66,32.73,32.69,0.02,32.23,32.28,32.26,0.01,32.72,32.75,32.73,0.01,34.72,34.73,34.72,0,33.61,33.62,33.62,0,148,257,210,30,-44,-40,-42,1,0,0,0,0,1012.3,1012.5,1012.4,0.1
21-Apr-16 09:25:00,30.69,30.57,0.07,78.5,79.6,79.2,0.3,0.4,2.3,0.9,0.5,198,303,242,21,30.14,30.34,30.26,0.05,80,80.8,80.4,0.2,30.04,30.33,30.2,0.06,92.9,93.6,93.3,0.1,206,328,273,24,29.31,29.5,29.42,0.05,81,81.5,81.3,0.2,0.3,3.4,1.7,0.8,245,304,270,13,31.98,32.05,32.02,0.02,32.65,32.73,32.69,0.02,32.6,32.66,32.63,0.02,32.28,32.32,32.3,0.01,32.75,32.77,32.76,0.01,34.71,34.72,34.71,0,33.61,33.61,33.61,0,178,267,224,36,-48,-40,-43,3,0,0,0,0,1012.3,1012.4,1012.3,0
21-Apr-16 09:30:00,30.61,30.47,0.04,78.3,79,78.7,0.2,0.4,2.2,1.1,0.5,199,308,258,18,30.1,30.34,30.17,0.03,79.5,80.2,80,0.1,30.06,30.27,30.13,0.04,92.1,92.9,92.5,0.1,203,297,265,14,29.26,29.43,29.34,0.04,80.5,81.2,80.9,0.2,0.7,3.1,1.8,0.4,243,310,273,13,31.89,31.98,31.92,0.02,32.53,32.65,32.58,0.03,32.56,32.6,32.58,0.01,32.32,32.35,32.33,0.01,32.77,32.8,32.79,0.01,34.69,34.71,34.7,0,33.6,33.61,33.6,0,177,234,193,18,-59,-48,-54,4,0,0,0,0,1012.3,1012.4,1012.3,0
21-Apr-16 09:35:00,30.61,30.53,0.03,77.8,78.5,78.1,0.2,0.4,2.5,1.1,0.4,201,306,241,22,30.14,30.32,30.21,0.03,79.2,79.8,79.5,0.1,30.04,30.25,30.14,0.04,91.7,92.4,92,0.2,217,309,264,14,29.32,29.49,29.38,0.03,80.2,80.7,80.4,0.1,0.6,2.8,2.1,0.4,250,290,270,7,31.84,31.89,31.86,0.02,32.5,32.53,32.52,0.01,32.53,32.56,32.55,0.01,32.35,32.37,32.36,0.01,32.8,32.83,32.81,0.01,34.68,34.69,34.69,0,33.59,33.6,33.6,0,235,419,286,48,-65,-59,-62,2,0,0,0,0,1012.3,1012.4,1012.4,0
21-Apr-16 09:40:00,30.81,30.65,0.06,77.6,78.4,78.1,0.2,0.4,2.3,1.5,0.3,217,295,249,16,30.25,30.47,30.34,0.05,78.8,79.6,79.4,0.2,30.19,30.44,30.31,0.06,91.2,92.1,91.7,0.2,219,311,257,16,29.42,29.57,29.5,0.03,80,80.6,80.3,0.1,0.9,3.5,2.2,0.4,253,310,277,11,31.85,31.98,31.89,0.04,32.52,32.66,32.57,0.04,32.52,32.53,32.52,0,32.37,32.39,32.38,0.01,32.83,32.85,32.84,0.01,34.67,34.68,34.68,0,33.59,33.59,33.59,0,424,711,584,110,-70,-63,-66,2,0,0,0,0,1012.3,1012.4,1012.3,0
21-Apr-16 09:45:00,31.3,30.95,0.14,76.5,77.7,77.1,0.3,0.4,2.9,1.6,0.5,192,321,263,25,-27.86,31,26.53,12.51,11.7,83.1,72.8,17.4,30.32,30.89,30.5,0.14,90.3,91.5,90.9,0.2,226,334,268,17,29.46,29.84,29.59,0.1,79.2,80.3,79.9,0.2,2,4.3,2.8,0.5,242,314,275,9,31.98,32.33,32.13,0.1,32.66,33,32.81,0.1,32.52,32.59,32.55,0.02,32.39,32.41,32.4,0.01,32.85,32.88,32.87,0.01,34.66,34.67,34.67,0,33.58,33.59,33.58,0,630,800,755,38,-77,-69,-73,2,0,0,0,0,1012.3,1012.3,1012.3,0
21-Apr-16 09:50:00,31.63,31.47,0.09,73.1,76.6,74.5,1,0.7,3.4,1.6,0.6,200,341,278,29,-24.51,31.15,29.08,8.54,17.9,78.8,74.1,9.6,30.76,31.05,30.92,0.07,87.6,90.5,88.7,0.8,206,341,278,23,29.59,29.86,29.71,0.07,78.1,80,78.8,0.5,1.9,4.3,3.3,0.5,255,354,282,11,32.33,32.78,32.55,0.13,33,33.43,33.21,0.12,32.59,32.78,32.68,0.05,32.41,32.43,32.42,0.01,32.88,32.9,32.89,0.01,34.65,34.66,34.65,0,33.58,33.58,33.58,0,801,822,812,5,-80,-75,-78,1,0,0,0,0,1012.3,1012.3,1012.3,0
21-Apr-16 09:55:00,31.62,31.46,0.06,73.7,74.9,74.3,0.3,0.4,3.3,1.8,0.6,188,313,258,25,15.2,33.1,30.72,1.68,57.2,78.2,75.5,2.2,30.65,30.97,30.84,0.09,87.7,89.4,88.3,0.4,208,333,266,23,29.63,30.01,29.82,0.09,77.6,78.7,78.4,0.2,0.8,4.2,2.7,0.6,213,300,268,14,32.78,33.23,33,0.12,33.43,33.87,33.64,0.12,32.78,33.04,32.9,0.08,32.43,32.46,32.44,0.01,32.9,32.92,32.91,0.01,34.64,34.65,34.64,0,33.57,33.58,33.57,0,790,821,810,8,-83,-79,-81,1,0,0,0,0,1012.3,1012.5,1012.4,0.1
21-Apr-16 10:00:00,31.67,31.42,0.13,73,74.9,73.9,0.5,0.4,3.1,1.7,0.7,209,333,270,20,26.83,31.87,30.78,0.52,66,76.8,75.8,1.1,30.61,30.91,30.77,0.07,87.5,88.9,88.2,0.4,212,339,272,17,29.73,29.98,29.83,0.07,77.6,78.3,77.9,0.2,0.9,4.5,2.8,0.6,225,288,266,12,33.23,33.45,33.36,0.06,33.87,34.08,33.99,0.06,33.04,33.35,33.2,0.09,32.46,32.5,32.48,0.01,32.92,32.95,32.93,0.01,34.62,34.64,34.63,0,33.56,33.57,33.57,0,295,791,453,190,-87,-81,-84,1,0,0,0,0,1012.3,1012.5,1012.4,0.1
21-Apr-16 10:05:00,31.21,31.05,0.07,74.6,76.6,75.8,0.6,1.1,3.5,2,0.5,208,307,255,20,28.94,30.87,30.53,0.31,70.3,78.2,77.3,0.9,30.52,30.69,30.62,0.05,88,89.5,88.9,0.4,234,308,265,16,29.65,29.9,29.77,0.06,77.7,79,78.5,0.3,2.6,4.1,3.3,0.3,245,300,267,7,33.43,33.5,33.46,0.02,34.08,34.24,34.14,0.05,33.35,33.61,33.49,0.07,32.5,32.57,32.54,0.02,32.95,32.97,32.96,0.01,34.61,34.63,34.62,0,33.56,33.56,33.56,0,291,796,521,193,-82,-69,-74,4,0,0,0,0,1012.4,1012.5,1012.4,0
21-Apr-16 10:10:00,31.55,31.31,0.14,73.6,76.4,75,0.7,0.4,4.1,1.7,0.7,212,318,260,24,29.68,32.87,30.93,0.33,71.6,78,76.7,0.8,30.61,30.98,30.76,0.1,87.6,89.3,88.5,0.3,206,330,266,21,29.68,29.98,29.78,0.09,77.6,78.9,78.4,0.3,0.5,4.3,2.9,0.8,200,293,274,14,33.5,33.68,33.6,0.06,34.24,34.47,34.37,0.07,33.61,33.8,33.71,0.06,32.57,32.65,32.61,0.02,32.97,32.99,32.98,0.01,34.6,34.61,34.61,0,33.55,33.56,33.56,0,248,803,638,210,-75,-67,-70,2,0,0,0,0,1012.3,1012.4,1012.4,0
21-Apr-16 10:15:00,31.39,31.07,0.17,73.7,76.6,74.9,0.8,0.4,3.3,1.7,0.6,201,334,260,28,30.16,32.02,30.7,0.2,73.4,77.8,76.4,0.7,30.45,30.94,30.61,0.12,87.1,89.1,88,0.5,218,304,264,15,29.69,29.84,29.76,0.04,77.6,78.3,78,0.2,1.6,4,2.8,0.4,234,292,270,10,33.53,33.68,33.62,0.05,34.39,34.46,34.43,0.02,33.81,33.99,33.9,0.05,32.65,32.75,32.7,0.03,32.99,33.01,33,0.01,34.59,34.6,34.6,0,33.55,33.55,33.55,0,231,271,242,11,-75,-66,-70,2,0,0,0,0,1012.3,1012.4,1012.4,0
21-Apr-16 10:20:00,30.97,30.86,0.06,75.6,76.6,76,0.2,0.4,3.5,1.8,0.5,212,310,251,18,28.56,31.47,30.45,0.35,68.5,77.8,77,1.5,30.33,30.6,30.45,0.04,88,89,88.6,0.2,221,293,263,11,29.5,29.74,29.62,0.05,77.8,78.3,78.1,0.1,2.5,3.6,3.1,0.2,250,288,269,4,33.34,33.53,33.44,0.06,34.32,34.42,34.38,0.03,33.99,34.11,34.05,0.03,32.75,32.84,32.79,0.03,33.01,33.04,33.03,0.01,34.58,34.59,34.59,0,33.54,33.55,33.55,0,271,351,317,20,-68,-60,-65,2,0,0,0,0,1012.3,1012.3,1012.3,0
21-Apr-16 10:25:00,31.06,30.94,0.06,75,76.5,75.6,0.4,0.4,4.9,2.2,0.8,193,301,239,22,28.32,31.48,30.36,0.43,65,77.7,76.7,1.8,30.35,30.67,30.48,0.09,87.7,88.8,88.3,0.3,207,289,251,19,29.55,30.04,29.82,0.15,77.3,78.3,78,0.2,0.6,3.8,2.4,0.7,221,319,261,17,33.23,33.34,33.29,0.03,34.31,34.34,34.33,0.01,34.11,34.16,34.14,0.02,32.84,32.94,32.89,0.03,33.04,33.07,33.06,0.01,34.57,34.58,34.58,0,33.54,33.54,33.54,0,309,374,347,22,-62,-55,-58,2,0,0,0,0,1012.2,1012.3,1012.3,0
21-Apr-16 10:30:00,31.21,31.14,0.03,75.3,76.2,75.6,0.2,0.4,3.3,1.7,0.5,184,307,244,21,23.37,37.02,30.51,1.13,60.9,77.9,75.5,3.6,30.6,30.73,30.67,0.03,87.8,88.8,88.3,0.2,219,289,252,15,29.62,29.88,29.75,0.07,77.3,78.8,78.1,0.4,1.8,4.1,3.4,0.4,234,281,259,6,33.16,33.23,33.19,0.02,34.27,34.31,34.28,0.01,34.16,34.18,34.17,0.01,32.94,33.02,32.98,0.03,33.07,33.1,33.09,0.01,34.56,34.57,34.57,0,33.54,33.54,33.54,0,307,357,325,16,-59,-55,-57,1,0,0,0,0,1012.3,1012.3,1012.3,0
21-Apr-16 10:35:00,31.19,31.13,0.03,75.6,76.3,75.9,0.2,0.4,3.4,2,0.6,199,294,235,13,23.39,36.29,30.67,0.85,62.5,87.4,77.5,1.6,30.52,30.68,30.61,0.04,88.2,89.1,88.7,0.2,215,307,248,12,29.6,29.81,29.72,0.05,78.5,79.1,78.9,0.1,1.9,4.2,3.1,0.5,233,285,259,9,33.13,33.23,33.16,0.03,34.25,34.4,34.31,0.05,34.18,34.2,34.19,0.01,33.02,33.1,33.06,0.02,33.1,33.14,33.12,0.01,34.55,34.56,34.56,0,33.53,33.54,33.53,0,357,1051,763,300,-60,-52,-55,3,0,0,0,0,1012.3,1012.4,1012.4,0
21-Apr-16 10:40:00,31.49,31.32,0.1,74.5,76.4,75.5,0.5,1.1,3.9,2.5,0.5,201,292,243,15,20.17,31.42,30.4,0.8,69.7,78.4,77.3,1.3,30.44,30.7,30.56,0.07,88.5,89.2,89,0.2,207,279,248,9,29.6,29.81,29.68,0.04,78.6,79.3,78.9,0.1,3.3,4.8,4,0.3,232,273,250,6,33.23,33.58,33.39,0.1,34.4,34.69,34.54,0.08,34.2,34.28,34.23,0.02,33.1,33.17,33.14,0.02,33.14,33.17,33.16,0.01,34.54,34.55,34.55,0,33.53,33.53,33.53,0,642,1066,972,107,-61,-53,-56,2,0,0,0,0,1012.3,1012.4,1012.4,0
21-Apr-16 10:45:00,31.51,31.23,0.12,74.2,76.4,75.5,0.6,1.2,4.2,2.7,0.6,209,291,245,13,21.49,31.37,29.28,2.64,65.6,78.4,75.1,3.6,30.44,30.78,30.61,0.07,88.1,89.3,88.7,0.3,219,288,252,11,29.5,29.73,29.62,0.05,78.7,79.5,79,0.2,3.7,5.3,4.5,0.3,239,260,251,4,33.58,33.69,33.66,0.03,34.69,34.78,34.75,0.02,34.28,34.47,34.37,0.05,33.17,33.24,33.21,0.02,33.17,33.21,33.19,0.01,34.53,34.54,34.54,0,33.53,33.53,33.53,0,370,1043,556,197,-68,-57,-64,3,0,0,0,0,1012.3,1012.3,1012.3,0
21-Apr-16 10:50:00,31.12,30.97,0.08,75.9,76.9,76.4,0.3,1.4,4.8,2.7,0.7,208,286,248,15,27.21,30.9,30.27,0.47,68.2,79,77.7,1.6,30.28,30.54,30.42,0.07,88.2,89.7,89,0.3,216,281,248,9,29.39,29.62,29.51,0.05,79,79.7,79.3,0.2,3.6,5.3,4.6,0.2,242,266,252,3,33.57,33.7,33.64,0.04,34.73,34.79,34.76,0.02,34.47,34.66,34.57,0.06,33.24,33.3,33.27,0.02,33.21,33.25,33.23,0.01,34.53,34.54,34.53,0,33.52,33.53,33.52,0,321,534,357,38,-67,-61,-64,1,0,0,0,0,1012.3,1012.3,1012.3,0
21-Apr-16 10:55:00,31.15,31,0.08,75.5,76.7,76.1,0.3,1.2,3.7,2.4,0.5,216,287,248,14,27.61,31.46,30.41,0.47,64.7,78.8,77.6,1.6,30.23,30.57,30.37,0.09,88.2,89.5,88.9,0.3,220,283,253,8,29.4,29.74,29.58,0.08,79,79.8,79.3,0.2,2.6,4.8,4,0.4,234,270,254,5,33.53,33.57,33.54,0.01,34.75,34.79,34.76,0.01,34.66,34.79,34.73,0.04,33.3,33.38,33.34,0.02,33.25,33.29,33.27,0.01,34.52,34.53,34.52,0,33.52,33.52,33.52,0,355,828,493,158,-62,-55,-59,2,0,0,0,0,1012.3,1012.4,1012.3,0
21-Apr-16 11:00:00,31.09,30.98,0.05,75.6,77,76.2,0.4,0.8,4.1,2.6,0.6,205,307,244,16,7.18,30.94,29.05,3.47,50.3,78.5,75,5,30.37,30.56,30.47,0.04,87.9,89.2,88.6,0.3,221,285,249,9,29.41,29.79,29.62,0.1,78.5,79.4,79,0.2,3.1,4.8,4.1,0.4,231,273,251,5,33.49,33.54,33.51,0.01,34.75,34.84,34.77,0.03,34.79,34.88,34.84,0.03,33.38,33.47,33.42,0.02,33.29,33.32,33.31,0.01,34.51,34.52,34.51,0,33.52,33.52,33.52,0,370,1072,649,286,-62,-52,-57,3,0,0,0,0,1012.3,1012.4,1012.4,0
21-Apr-16 11:05:00,31.3,31.14,0.08,75.8,76.6,76.1,0.2,1,4,2.4,0.7,206,291,242,16,11.73,31.2,30.42,1.71,56.7,78.6,77.5,2.6,30.41,30.69,30.55,0.07,88.5,89.4,89,0.2,219,283,249,11,29.62,29.8,29.7,0.05,78.9,79.9,79.4,0.2,2.4,4.8,3.8,0.5,228,268,246,6,33.52,33.55,33.54,0.01,34.81,34.85,34.83,0.01,34.88,34.97,34.93,0.03,33.47,33.54,33.51,0.02,33.32,33.36,33.34,0.01,34.5,34.51,34.5,0,33.51,33.52,33.51,0,374,485,407,30,-63,-60,-62,1,0,0,0,0,1012.4,1012.5,1012.4,0
21-Apr-16 11:10:00,31.47,31.13,0.16,75.6,76.7,76.1,0.2,1.1,3.9,2.5,0.6,180,279,241,17,30.29,30.86,30.62,0.13,77.6,78.6,78,0.2,30.3,30.79,30.5,0.12,88.3,89.3,88.8,0.2,200,297,246,12,29.51,29.75,29.64,0.05,79.2,80.1,79.6,0.2,3.1,4.8,3.9,0.3,224,266,248,6,33.51,33.74,33.58,0.07,34.82,35.12,34.93,0.09,34.97,35.07,35.02,0.03,33.54,33.62,33.58,0.02,33.36,33.4,33.38,0.01,34.49,34.5,34.49,0.01,33.51,33.51,33.51,0,487,1223,1030,231,-65,-56,-60,2,0,0,0,0,1012.4,1012.4,1012.4,0
21-Apr-16 11:15:00,31.78,31.66,0.07,74,76.1,75,0.6,0.4,4.7,2.5,0.8,185,310,237,20,30.46,31.38,31.11,0.17,69.1,80.2,77,1.4,30.68,31.11,30.89,0.12,87.8,89.8,88.4,0.6,201,297,248,15,29.64,29.88,29.77,0.06,79.4,80.5,79.9,0.3,2.4,5.1,4.1,0.5,233,302,254,9,33.74,34.23,33.98,0.14,35.12,35.54,35.33,0.12,35.07,35.23,35.13,0.05,33.62,33.7,33.66,0.02,33.4,33.45,33.43,0.01,34.48,34.49,34.49,0,33.5,33.51,33.5,0.01,1125,1216,1197,18,-76,-64,-71,3,0,0,0,0,1012.2,1012.4,1012.3,0.1
21-Apr-16 11:20:00,31.8,31.66,0.09,73.4,75.4,74.1,0.5,1,4.7,2.9,0.7,198,295,240,15,30.52,31.24,30.94,0.09,69.9,77.9,76.8,0.6,30.67,30.89,30.78,0.06,87.5,88.6,88,0.3,215,291,249,10,29.66,29.89,29.79,0.06,78.8,80.2,79.2,0.2,2.6,4.9,4.2,0.5,239,289,256,8,34.23,34.72,34.48,0.14,35.54,36,35.77,0.13,35.23,35.51,35.36,0.08,33.7,33.79,33.74,0.02,33.45,33.49,33.47,0.01,34.47,34.48,34.48,0,33.5,33.5,33.5,0,1188,1212,1205,5,-76,-72,-74,1,0,0,0,0,1012.1,1012.2,1012.2,0
21-Apr-16 11:25:00,31.96,31.84,0.06,72.4,75.1,73.4,0.6,1.4,4.8,2.9,0.7,197,279,234,13,-5.22,31.9,29.11,4.28,38.2,77.4,73.5,5,30.78,31.03,30.91,0.06,86.6,88.1,87.4,0.4,199,301,244,13,29.66,30.13,29.87,0.12,78,79.4,78.7,0.5,0.7,5.1,3.8,0.9,222,320,261,11,34.72,35.14,34.95,0.12,36,36.46,36.24,0.13,35.51,35.87,35.69,0.1,33.79,33.88,33.83,0.03,33.49,33.53,33.51,0.01,34.47,34.47,34.47,0,33.49,33.5,33.5,0,948,1210,1170,57,-79,-73,-76,1,0,0,0,0,1012,1012.1,1012.1,0
21-Apr-16 11:30:00,32.17,31.95,0.1,72,73.9,73.1,0.5,0.9,4.6,2.8,0.8,195,320,233,15,-28.75,43.18,30.05,6.66,8.9,76.9,73.7,8.1,30.99,31.32,31.16,0.09,85.7,87.7,86.8,0.5,218,280,250,12,29.88,30.3,30.05,0.1,77.6,79.2,78.3,0.4,1.7,5.2,4,0.6,235,337,262,11,35.14,35.47,35.32,0.1,36.46,36.85,36.66,0.12,35.87,36.27,36.07,0.11,33.88,33.99,33.93,0.03,33.53,33.57,33.54,0.01,34.46,34.47,34.46,0,33.49,33.49,33.49,0,1143,1184,1165,14,-81,-76,-78,1,0,0,0,0,1012,1012.1,1012,0
21-Apr-16 11:35:00,32.03,31.86,0.09,73,74.5,73.7,0.4,0.4,4.3,2.5,0.8,174,275,235,15,30.13,31.41,31.13,0.21,69.5,76.8,76.1,0.9,30.8,31.06,30.95,0.06,86.6,88.1,87.4,0.3,216,273,243,10,29.78,30.02,29.92,0.06,78.2,79.1,78.6,0.2,2.5,5.1,4,0.4,222,283,251,7,35.47,35.78,35.63,0.09,36.85,37.26,37.05,0.11,36.27,36.67,36.47,0.12,33.99,34.12,34.05,0.04,33.57,33.61,33.59,0.01,34.45,34.46,34.45,0.01,33.48,33.49,33.49,0,1102,1162,1137,16,-80,-75,-77,1,0,0,0,0,1012,1012.1,1012,0
21-Apr-16 11:40:00,32.18,32.06,0.09,71.3,73.8,72,0.4,1.3,4.6,2.9,0.7,204,282,238,16,26.72,32.75,31.11,0.78,64,76.8,74.6,2,30.82,31.08,30.96,0.06,85.5,87.6,86.4,0.5,207,290,248,12,29.75,30.05,29.87,0.07,77.7,79.3,78.4,0.3,3,5.4,4.1,0.4,238,293,256,9,35.78,35.98,35.89,0.06,37.26,37.54,37.41,0.08,36.67,37.06,36.87,0.12,34.12,34.27,34.19,0.04,33.61,33.66,33.64,0.01,34.44,34.45,34.45,0,33.48,33.49,33.48,0,1030,1137,1076,33,-84,-79,-81,1,0,0,0,0,1011.9,1012,1012,0
21-Apr-16 11:45:00,32.23,31.98,0.12,72,74.1,72.8,0.4,0.9,4.6,2.6,0.8,182,311,241,20,31.02,31.59,31.29,0.15,74.7,76.6,75.5,0.4,30.92,31.37,31.13,0.12,85.7,87.4,86.3,0.4,212,299,253,15,29.84,30.29,30.06,0.11,76.7,78.4,77.7,0.4,2.4,5.6,4.1,0.7,241,309,261,10,35.98,36.09,36.05,0.04,37.53,37.71,37.65,0.06,37.07,37.43,37.25,0.11,34.27,34.44,34.35,0.05,33.66,33.71,33.69,0.02,34.44,34.44,34.44,0,33.48,33.48,33.48,0,550,1050,842,190,-80,-76,-78,1,0,0,0,0,1011.9,1012,1012,0
21-Apr-16 11:50:00,32.05,31.81,0.11,72.4,74.2,73.3,0.5,0.4,4.5,2.3,0.8,185,308,254,23,27.14,32.69,31.23,0.39,63.3,76.8,74.7,2.7,30.9,31.29,31.07,0.11,85.6,87.5,86.4,0.5,180,328,259,24,29.73,30.05,29.88,0.1,77.7,78.8,78.2,0.2,2,5.4,4.2,0.8,230,293,259,9,35.93,36.07,35.98,0.04,37.66,37.77,37.7,0.03,37.44,37.74,37.6,0.09,34.44,34.62,34.53,0.05,33.71,33.77,33.74,0.02,34.43,34.44,34.43,0,33.47,33.48,33.48,0.01,540,1029,732,203,-78,-72,-75,1,0,0,0,0,1011.8,1011.9,1011.8,0
21-Apr-16 11:55:00,32.05,31.91,0.09,71.8,74,72.9,0.5,1.1,5.3,2.9,0.9,173,278,231,15,31.06,33.42,31.4,0.17,71.1,75.8,75,0.5,31.05,31.48,31.26,0.1,85.1,86.3,85.9,0.3,194,302,252,18,29.72,30.31,30.01,0.15,76.9,79,77.8,0.5,0.9,5.3,4,0.9,228,309,260,13,35.97,36.02,36,0.02,37.77,37.94,37.86,0.05,37.74,37.96,37.85,0.06,34.63,34.81,34.72,0.05,33.77,33.83,33.8,0.02,34.42,34.43,34.43,0,33.47,33.47,33.47,0,1027,1051,1037,7,-79,-75,-78,1,0,0,0,0,1011.7,1011.8,1011.7,0
21-Apr-16 12:00:00,32.01,31.86,0.07,72.3,73.7,72.9,0.4,1.6,4.9,3.1,0.7,197,292,239,16,30.64,31.43,31.2,0.12,72.8,76.1,75.3,0.3,30.92,31.33,31.06,0.1,85.4,86.6,86,0.3,210,285,250,11,29.89,30.18,30.04,0.07,77,78.4,77.6,0.3,3.3,5.5,4.5,0.4,240,290,259,9,35.94,36.01,35.97,0.02,37.92,37.99,37.96,0.03,37.96,38.18,38.07,0.06,34.81,35,34.91,0.05,33.83,33.9,33.86,0.02,34.42,34.42,34.42,0,33.46,33.47,33.47,0,879,1045,977,59,-79,-76,-78,1,0,0,0,0,1011.6,1011.7,1011.7,0
