DateAndTime,AirTemp @2m: Min,AirTemp @2m: Max,AirTemp @2m: Avg,AirTemp @2m: SDv,Humidity @2m: Min,Humidity @2m: Max,Humidity @2m: Avg,Humidity @2m: SDv,WindSp @2m: Min,WindSp @2m: Max,WindSp @2m: Avg,WindSp @2m: SDv,WindDir @2m: Min,WindDir @2m: Max,WindDir @2m: Avg,WindDir @2m: SDv,AirTemp @8m: Min,AirTemp @8m: Max,AirTemp @8m: Avg,AirTemp @8m: SDv,Humidity @8m: Min,Humidity @8m: Max,Humidity @8m: Avg,Humidity @8m: SDv,AirTemp @16m: Min,AirTemp @16m: Max,AirTemp @16m: Avg,AirTemp @16m: SDv,Humidity @16m: Min,Humidity @16m: Max,Humidity @16m: Avg,Humidity @16m: SDv,WindDir @16m: Min,WindDir @16m: Max,WindDir @16m: Avg,WindDir @16m: SDv,AirTemp @50m: Min,AirTemp @50m: Max,AirTemp @50m: Avg,AirTemp @50m: SDv,Humidity @50m: Min,Humidity @50m: Max,Humidity @50m: Avg,Humidity @50m: SDv,WindSp @50m: Min,WindSp @50m: Max,WindSp @50m: Avg,WindSp @50m: SDv,WindDir @50m: Min,WindDir @50m: Max,WindDir @50m: Avg,WindDir @50m: SDv,SoilTemp @5cm: Min,SoilTemp @5cm: Max,SoilTemp @5cm: Avg,SoilTemp @5cm: SDv,SoilTemp @GND: Min,SoilTemp @GND: Max,SoilTemp @GND: Avg,SoilTemp @GND: SDv,SoilTemp @-5cm: Min,SoilTemp @-5cm: Max,SoilTemp @-5cm: Avg,SoilTemp @-5cm: SDv,SoilTemp @-10cm: Min,SoilTemp @-10cm: Max,SoilTemp @-10cm: Avg,SoilTemp @-10cm: SDv,SoilTemp @-20cm: Min,SoilTemp @-20cm: Max,SoilTemp @-20cm: Avg,SoilTemp @-20cm: SDv,SoilTemp @-50cm: Min,SoilTemp @-50cm: Max,SoilTemp @-50cm: Avg,SoilTemp @-50cm: SDv,SoilTemp @-1mt: Min,SoilTemp @-1mt: Max,SoilTemp @-1mt: Avg,SoilTemp @-1mt: SDv,ShortWave Radiation: Min,ShortWave Radiation: Max,ShortWave Radiation: Avg,ShortWave Radiation: SDv,LongWave Radiation: Min,LongWave Radiation: Max,LongWave Radiation: Avg,LongWave Radiation: SDv,RainFall-2: Min,RainFall-2: Max,RainFall-2: Avg,RainFall-2: SDv,Pressure- 01: Min,Pressure- 01: Max,Pressure- 01: Avg,Pressure- 01: SDv
17-Mar-16 00:05:00,29.1,29.03,0.03,78.2,78.5,78.4,0.1,0.4,1.4,0.6,0.3,19,355,324,54,28.85,29,28.92,0.03,78.8,79,78.9,0.1,28.86,29,28.95,0.03,84.8,85,84.9,0.1,0,9,290,115,28.43,28.54,28.49,0.02,78.1,78.2,78.2,0.1,1.6,4.1,2.9,0.5,4,355,339,34,28.8,28.85,28.83,0.01,29.57,29.62,29.59,0.01,33.02,33.08,33.05,0.02,35.63,35.68,35.66,0.02,37.48,37.5,37.49,0.01,34.67,34.67,34.67,0,32.4,32.4,32.4,0,0,0,0,0,-58,-52,-55,2,0,0,0,0,1011.8,1011.9,1011.8,0
17-Mar-16 00:10:00,29.02,28.97,0.02,78.5,78.7,78.6,0.1,0.4,1.4,0.4,0.2,258,339,296,22,28.78,28.91,28.85,0.03,79,79.2,79.1,0.1,28.81,28.94,28.88,0.02,85,85.3,85.1,0.1,0,355,322,24,28.41,28.52,28.46,0.02,78,78.2,78.1,0.1,0.8,4.1,2.7,0.6,307,350,328,9,28.75,28.8,28.78,0.01,29.54,29.57,29.55,0.01,32.96,33.02,32.99,0.02,35.58,35.63,35.6,0.02,37.45,37.48,37.46,0.01,34.67,34.68,34.67,0,32.4,32.4,32.4,0,0,0,0,0,-59,-58,-59,0,0,0,0,0,1011.7,1011.8,1011.7,0
17-Mar-16 00:15:00,28.97,28.92,0.02,78.6,78.8,78.8,0.1,0.3,0.8,0.3,0.1,19,356,348,142,28.74,28.84,28.79,0.02,79.2,79.3,79.2,0,28.77,28.9,28.84,0.02,85.1,85.4,85.3,0.1,0,9,224,153,28.4,28.5,28.45,0.02,77.9,78.2,78,0.1,0.8,3.6,2.4,0.5,271,350,326,12,28.69,28.75,28.72,0.02,29.49,29.54,29.51,0.01,32.9,32.96,32.93,0.02,35.52,35.58,35.55,0.02,37.43,37.45,37.44,0.01,34.67,34.68,34.68,0,32.4,32.41,32.4,0,0,0,0,0,-59,-58,-59,0,0,0,0,0,1011.6,1011.7,1011.7,0
17-Mar-16 00:20:00,28.92,28.87,0.02,78.5,78.8,78.7,0.1,0.3,1.4,0.6,0.3,19,355,353,144,28.74,28.83,28.79,0.02,78.9,79.2,79.1,0.1,28.76,28.9,28.84,0.03,84.6,85.2,84.9,0.1,0,6,308,102,28.42,28.49,28.45,0.02,77.8,77.9,77.9,0,1.4,3.6,2.7,0.5,0,354,339,34,28.62,28.69,28.66,0.02,29.43,29.49,29.47,0.02,32.84,32.9,32.87,0.02,35.47,35.52,35.5,0.02,37.4,37.43,37.41,0.01,34.68,34.68,34.68,0,32.4,32.4,32.4,0,0,0,0,0,-59,-58,-59,0,0,0,0,0,1011.5,1011.6,1011.6,0
17-Mar-16 00:25:00,28.91,28.88,0.02,78.4,78.6,78.5,0.1,0.3,1.5,0.9,0.3,19,355,343,124,28.76,28.86,28.81,0.02,78.7,78.9,78.8,0,28.81,28.91,28.88,0.02,84.5,84.7,84.6,0,0,7,337,50,28.38,28.46,28.42,0.02,77.8,77.9,77.9,0,2.3,4,3.1,0.4,0,354,339,44,28.55,28.62,28.58,0.02,29.35,29.43,29.39,0.02,32.78,32.84,32.81,0.02,35.42,35.47,35.44,0.02,37.37,37.4,37.39,0.01,34.68,34.68,34.68,0,32.4,32.4,32.4,0,0,0,0,0,-60,-58,-59,0,0,0,0,0,1011.5,1011.5,1011.5,0
17-Mar-16 00:30:00,28.9,28.84,0.02,78.4,78.7,78.6,0,0.3,1.9,1.1,0.5,19,355,346,132,28.72,28.82,28.77,0.02,78.8,79,78.9,0.1,28.77,28.9,28.84,0.03,84.6,84.9,84.7,0.1,0,9,221,165,28.34,28.44,28.4,0.03,77.9,78.2,78,0.1,2.2,4.2,3.1,0.4,0,355,346,98,28.49,28.55,28.52,0.02,29.28,29.35,29.32,0.02,32.72,32.79,32.75,0.02,35.36,35.42,35.39,0.02,37.35,37.37,37.36,0.01,34.68,34.69,34.68,0,32.4,32.4,32.4,0,0,0,0,0,-59,-58,-59,0,0,0,0,0,1011.4,1011.5,1011.4,0
17-Mar-16 00:35:00,28.86,28.82,0.02,78.5,78.7,78.6,0,0.3,2.7,0.9,0.7,19,355,346,150,28.69,28.79,28.74,0.02,78.9,79.1,79,0,28.72,28.85,28.79,0.02,84.7,84.9,84.8,0,0,9,224,160,28.24,28.37,28.32,0.03,78.1,78.4,78.3,0.1,1.6,4.3,3.1,0.7,0,355,346,107,28.44,28.49,28.46,0.01,29.2,29.28,29.24,0.02,32.66,32.72,32.69,0.02,35.31,35.36,35.34,0.02,37.32,37.35,37.33,0.01,34.68,34.69,34.69,0,32.4,32.4,32.4,0,0,0,0,0,-59,-58,-59,0,0,0,0,0,1011.4,1011.5,1011.4,0
17-Mar-16 00:40:00,28.84,28.78,0.03,78.5,78.8,78.7,0.1,0.3,1.7,0.9,0.3,19,355,338,93,28.63,28.76,28.7,0.03,79,79.2,79.1,0.1,28.65,28.8,28.73,0.03,84.8,85.2,85,0.1,0,9,292,123,28.18,28.29,28.25,0.02,78.4,78.5,78.5,0,2.6,4.2,3.4,0.3,0,354,343,28,28.4,28.44,28.42,0.01,29.14,29.2,29.17,0.02,32.6,32.66,32.63,0.02,35.26,35.31,35.29,0.02,37.29,37.32,37.31,0.01,34.69,34.69,34.69,0,32.4,32.41,32.4,0,0,0,0,0,-60,-58,-59,0,0,0,0,0,1011.4,1011.5,1011.5,0
17-Mar-16 00:45:00,28.76,28.7,0.03,78.8,79,78.9,0.1,0.3,1.7,0.8,0.4,19,355,343,135,11.74,28.7,28.3,1.67,60.9,80.1,78.9,2.1,28.54,28.73,28.66,0.04,85,85.3,85.1,0.1,0,6,300,107,28.15,28.27,28.22,0.02,78.2,78.5,78.4,0.1,2.1,5.1,3.3,0.6,0,355,345,75,28.34,28.39,28.37,0.01,29.09,29.14,29.11,0.01,32.53,32.6,32.56,0.02,35.21,35.26,35.23,0.02,37.27,37.29,37.28,0.01,34.69,34.69,34.69,0,32.4,32.4,32.4,0,0,0,0,0,-60,-59,-59,0,0,0,0,0,1011.3,1011.4,1011.3,0
17-Mar-16 00:50:00,28.68,28.64,0.02,78.8,79.1,78.9,0.1,0.4,1.9,1,0.4,19,355,334,80,-32.4,29.57,28.18,4.71,10.5,79.4,78.8,5.6,28.54,28.67,28.61,0.02,85,85.3,85.2,0.1,0,9,292,121,28.15,28.23,28.2,0.02,78.1,78.4,78.3,0.1,1.7,4.1,3.2,0.4,0,356,343,72,28.29,28.34,28.32,0.01,29.03,29.09,29.06,0.02,32.47,32.53,32.5,0.02,35.16,35.21,35.18,0.02,37.24,37.27,37.25,0.01,34.69,34.69,34.69,0,32.4,32.4,32.4,0,0,0,0,0,-60,-59,-59,1,0,0,0,0,1011.2,1011.3,1011.2,0
17-Mar-16 00:55:00,28.67,28.61,0.02,78.8,79,78.9,0,0.4,2.3,1.2,0.4,19,355,337,112,18.26,28.59,28.49,0.59,76.8,80,79.4,0.2,28.51,28.62,28.57,0.03,85,85.3,85.2,0,0,9,293,121,28.09,28.2,28.14,0.02,78.3,78.6,78.5,0.1,2.1,5.7,3.6,0.7,0,355,342,71,28.24,28.29,28.27,0.01,28.96,29.03,29,0.02,32.41,32.47,32.44,0.02,35.1,35.16,35.13,0.02,37.21,37.24,37.23,0.01,34.69,34.7,34.7,0,32.4,32.41,32.4,0,0,0,0,0,-60,-59,-59,0,0,0,0,0,1011.2,1011.2,1011.2,0
17-Mar-16 01:00:00,28.6,28.54,0.02,79,79.3,79.1,0.1,0.3,2.5,1.2,0.5,19,355,332,79,-5.59,28.78,28.25,2.62,43.5,83.6,79.5,2.1,28.43,28.57,28.5,0.03,85.2,85.6,85.4,0.1,0,9,308,102,28.04,28.13,28.08,0.02,78.6,78.8,78.7,0.1,2.3,4.9,3.7,0.5,0,354,341,29,28.19,28.24,28.22,0.02,28.89,28.96,28.93,0.02,32.34,32.41,32.38,0.02,35.05,35.1,35.08,0.01,37.19,37.21,37.2,0.01,34.7,34.7,34.7,0,32.4,32.4,32.4,0,0,0,0,0,-61,-59,-60,0,0,0,0,0,1011.1,1011.2,1011.1,0
17-Mar-16 01:05:00,28.55,28.5,0.02,79.2,79.3,79.2,0,0.4,2.7,1.2,0.5,19,356,344,132,-19.65,28.48,28.05,3.79,29.8,79.8,79.3,4,28.4,28.51,28.47,0.02,85.4,85.6,85.5,0,0,9,282,133,27.98,28.1,28.03,0.03,78.8,79,78.9,0,2.5,5,3.5,0.5,0,355,343,67,28.14,28.19,28.17,0.01,28.84,28.89,28.86,0.02,32.28,32.34,32.31,0.02,35.01,35.05,35.03,0.01,37.16,37.19,37.17,0.01,34.7,34.7,34.7,0,32.4,32.4,32.4,0,0,0,0,0,-60,-59,-60,0,0,0,0,0,1011.1,1011.1,1011.1,0
17-Mar-16 01:10:00,28.52,28.47,0.02,79.2,79.4,79.3,0,0.3,2.3,1.1,0.4,19,355,334,107,-39.42,31.83,28.19,3.92,0.6,79.9,79.3,5.7,28.34,28.5,28.44,0.03,85.5,85.7,85.6,0,0,9,319,85,27.95,28.06,28,0.03,78.9,79.2,79.1,0.1,1.9,4.8,3,0.6,0,354,342,69,28.1,28.14,28.12,0.01,28.78,28.84,28.81,0.02,32.22,32.28,32.25,0.02,34.95,35.01,34.98,0.02,37.13,37.16,37.15,0.01,34.7,34.7,34.7,0,32.4,32.4,32.4,0,0,0,0,0,-61,-59,-60,0,0,0,0,0,1011,1011.1,1011,0.1
17-Mar-16 01:15:00,28.47,28.43,0.02,79.4,79.6,79.5,0,0.3,2.4,1.1,0.4,19,356,338,102,-39.48,34.84,24.92,13.71,0.8,80.1,75.7,16.4,28.33,28.44,28.4,0.02,85.6,85.9,85.7,0.1,0,9,259,147,27.9,28,27.96,0.02,79.1,79.4,79.2,0.1,1.7,4.7,3,0.7,0,355,344,94,28.05,28.1,28.07,0.01,28.73,28.78,28.76,0.02,32.16,32.22,32.19,0.02,34.9,34.95,34.93,0.02,37.11,37.13,37.12,0.01,34.7,34.71,34.71,0.01,32.4,32.4,32.4,0,0,0,0,0,-61,-60,-61,1,0,0,0,0,1010.9,1011,1010.9,0
17-Mar-16 01:20:00,28.44,28.41,0.02,79.5,79.7,79.6,0,0.3,2.8,1.2,0.5,19,356,345,136,-39.45,28.37,26.39,10.23,0.6,83.7,77.8,12.4,28.3,28.41,28.37,0.02,85.8,85.9,85.9,0.1,0,9,288,127,27.88,27.99,27.93,0.02,79.3,79.4,79.4,0,2.4,4.4,3.3,0.5,0,354,346,115,28.01,28.05,28.03,0.01,28.68,28.73,28.71,0.02,32.1,32.16,32.13,0.02,34.85,34.9,34.87,0.02,37.08,37.11,37.09,0.01,34.71,34.71,34.71,0,32.4,32.4,32.4,0,0,0,0,0,-61,-59,-60,0,0,0,0,0,1010.9,1010.9,1010.9,0
17-Mar-16 01:25:00,28.44,28.38,0.02,79.5,79.8,79.7,0.1,0.3,1.9,1,0.4,19,356,338,119,-39.56,28.34,25.71,12.53,0.6,80.3,77,14.9,28.27,28.4,28.34,0.03,85.8,86.1,86,0.1,0,9,304,109,27.83,27.96,27.9,0.02,79.3,79.5,79.5,0.1,1.9,3.9,2.8,0.5,0,355,344,79,27.97,28.01,27.99,0.01,28.63,28.68,28.65,0.01,32.04,32.1,32.07,0.02,34.8,34.85,34.82,0.02,37.05,37.08,37.06,0.01,34.71,34.71,34.71,0,32.4,32.4,32.4,0,0,0,0,0,-61,-59,-60,0,0,0,0,0,1010.9,1010.9,1010.9,0
17-Mar-16 01:30:00,28.39,28.33,0.02,79.7,80,79.9,0.1,0.4,2.3,1.1,0.4,19,356,346,136,-37.92,28.3,26.32,10.14,2,80.4,78,12.3,28.23,28.34,28.29,0.02,86,86.3,86.2,0,0,9,290,124,27.81,27.91,27.86,0.02,79.5,79.6,79.6,0,2,4.4,3.1,0.5,0,354,345,70,27.92,27.97,27.94,0.01,28.58,28.63,28.6,0.01,31.99,32.04,32.01,0.01,34.74,34.8,34.77,0.01,37.02,37.05,37.04,0.01,34.71,34.71,34.71,0,32.4,32.41,32.4,0,0,0,0,0,-60,-58,-59,0,0,0,0,0,1010.9,1010.9,1010.9,0
17-Mar-16 01:35:00,28.36,28.29,0.03,79.8,80.2,80,0.1,0.3,1.3,0.4,0.1,19,356,341,134,-39.15,58.76,26.9,8.63,0.9,81.8,78.7,10.3,28.18,28.31,28.25,0.02,86.1,86.5,86.3,0.1,0,9,273,142,27.76,27.9,27.82,0.03,79.6,79.9,79.7,0.1,1.4,3.7,2.3,0.5,0,354,347,124,27.88,27.92,27.9,0.01,28.54,28.58,28.56,0.01,31.93,31.99,31.96,0.02,34.69,34.74,34.72,0.02,37,37.02,37.01,0.01,34.71,34.72,34.72,0,32.4,32.41,32.4,0,0,0,0,0,-59,-56,-58,1,0,0,0,0,1010.8,1010.9,1010.9,0
17-Mar-16 01:40:00,28.32,28.27,0.02,80,80.2,80.1,0.1,0.3,1.6,0.4,0.1,19,355,343,113,-39.36,51.76,27.42,7.07,0.8,81.8,79.5,8.1,28.15,28.26,28.21,0.02,86.3,86.5,86.4,0,0,9,215,165,27.73,27.82,27.77,0.02,79.8,80,79.9,0,1.7,3.8,2.8,0.5,0,355,348,118,27.84,27.88,27.86,0.01,28.5,28.54,28.52,0.01,31.87,31.93,31.9,0.02,34.64,34.69,34.67,0.02,36.97,37,36.98,0.01,34.72,34.72,34.72,0,32.4,32.4,32.4,0,0,0,0,0,-56,-52,-54,1,0,0,0,0,1010.8,1010.8,1010.8,0
17-Mar-16 01:45:00,28.3,28.25,0.02,80.1,80.3,80.2,0,0.3,1.4,0.4,0.2,19,356,4,157,-39.53,28.23,27,7.91,6.6,80.8,79.4,8.9,28.12,28.24,28.2,0.02,86.4,86.6,86.5,0.1,0,9,232,160,27.69,27.8,27.75,0.02,80,80.2,80.1,0.1,1.6,3.8,2.8,0.5,0,356,352,158,27.81,27.84,27.83,0.01,28.47,28.5,28.48,0.01,31.81,31.87,31.84,0.02,34.59,34.64,34.61,0.02,36.94,36.97,36.96,0.01,34.72,34.72,34.72,0,32.4,32.4,32.4,0,0,0,0,0,-54,-52,-53,1,0,0,0,0,1010.7,1010.8,1010.8,0
17-Mar-16 01:50:00,28.27,28.21,0.02,80.3,80.6,80.4,0.1,0.3,0.4,0.3,0,19,356,354,154,-39.58,29.96,24.03,15.55,0.5,93.4,76,18.9,28.08,28.22,28.16,0.03,86.6,86.9,86.8,0.1,0,9,196,168,27.63,27.74,27.69,0.02,80.2,80.6,80.4,0.1,1.6,4.2,2.9,0.6,0,355,349,129,27.78,27.81,27.79,0.01,28.44,28.47,28.45,0.01,31.76,31.81,31.79,0.02,34.54,34.59,34.56,0.01,36.91,36.94,36.93,0.01,34.72,34.73,34.72,0,32.4,32.4,32.4,0,0,0,0,0,-54,-51,-52,1,0,0,0,0,1010.6,1010.7,1010.7,0
17-Mar-16 01:55:00,28.22,28.18,0.02,80.6,80.7,80.6,0,0.3,2.4,0.7,0.6,19,356,349,145,-39.39,29.01,27.09,7.89,0.9,81.2,79.8,9.7,28.07,28.17,28.13,0.02,86.9,87.1,87,0,0,8,273,143,27.61,27.7,27.66,0.02,80.6,80.7,80.6,0,1.5,4.1,3.1,0.6,0,356,350,114,27.75,27.78,27.76,0.01,28.39,28.44,28.41,0.01,31.71,31.76,31.74,0.02,34.48,34.54,34.51,0.01,36.89,36.92,36.9,0.01,34.72,34.73,34.73,0,32.4,32.4,32.4,0,0,0,0,0,-56,-53,-54,1,0,0,0,0,1010.6,1010.6,1010.6,0
17-Mar-16 02:00:00,28.19,28.15,0.02,80.6,80.8,80.7,0,0.3,2.2,0.9,0.5,19,356,330,56,-28.68,29.74,27.68,4.55,12.3,81.3,80.7,5.5,28.04,28.15,28.11,0.02,87,87.1,87.1,0,0,8,316,96,27.61,27.7,27.65,0.02,80.6,80.7,80.7,0,1.7,3.9,2.9,0.5,0,354,350,128,27.72,27.75,27.74,0.01,28.35,28.39,28.37,0.01,31.66,31.71,31.69,0.01,34.43,34.48,34.46,0.01,36.86,36.89,36.87,0.01,34.73,34.73,34.73,0,32.4,32.4,32.4,0,0,0,0,0,-59,-56,-57,1,0,0,0,0,1010.5,1010.6,1010.5,0
17-Mar-16 02:05:00,28.17,28.11,0.03,80.7,81,80.9,0.1,0.3,1.5,0.7,0.3,19,355,328,97,-39.24,31.42,26.1,10.53,0.6,81.5,78.9,12.9,27.99,28.14,28.07,0.03,86.9,87.4,87.2,0.1,0,9,299,112,27.6,27.69,27.65,0.02,80.6,80.7,80.6,0,2.1,4.3,3.1,0.4,0,355,346,52,27.69,27.72,27.71,0.01,28.33,28.35,28.34,0.01,31.61,31.66,31.64,0.01,34.38,34.43,34.41,0.01,36.83,36.86,36.85,0.01,34.73,34.73,34.73,0,32.4,32.4,32.4,0,0,0,0,0,-59,-46,-54,4,0,0,0,0,1010.5,1010.5,1010.5,0
17-Mar-16 02:10:00,28.1,28.06,0.02,81,81.2,81.1,0.1,0.4,1.7,0.8,0.4,19,355,327,85,-28.11,28.1,27.81,3.24,11.3,81.9,81.3,4.2,27.97,28.06,28.03,0.02,87.3,87.5,87.4,0,0,9,291,118,27.57,27.67,27.62,0.02,80.6,80.8,80.7,0,2.1,4.3,3,0.5,0,354,344,66,27.66,27.69,27.67,0.01,28.31,28.33,28.32,0.01,31.56,31.61,31.59,0.01,34.33,34.38,34.36,0.01,36.8,36.83,36.82,0.01,34.73,34.74,34.73,0,32.4,32.4,32.4,0,0,0,0,0,-46,-34,-39,3,0,0,0,0,1010.4,1010.5,1010.5,0
17-Mar-16 02:15:00,28.08,28.03,0.02,81.2,81.3,81.2,0,0.4,1.4,0.5,0.2,285,343,316,11,26.09,28.5,27.93,0.16,78.8,81.8,81.7,0.2,27.91,28.03,27.98,0.02,87.5,87.6,87.5,0,0,9,317,82,27.56,27.66,27.61,0.02,80.4,80.6,80.6,0.1,2.4,4.2,3.2,0.3,0,355,342,44,27.64,27.66,27.65,0.01,28.29,28.31,28.3,0,31.52,31.56,31.54,0.01,34.28,34.33,34.31,0.01,36.78,36.8,36.79,0.01,34.74,34.74,34.74,0,32.4,32.41,32.4,0,0,0,0,0,-45,-33,-38,4,0,0,0,0,1010.4,1010.4,1010.4,0
17-Mar-16 02:20:00,28.06,28.02,0.02,81,81.2,81.1,0.1,0.3,1.5,0.5,0.3,19,355,319,92,-39.43,29.11,22.43,13.07,0.5,100,73.7,16.2,27.91,28.01,27.97,0.02,87.3,87.6,87.4,0.1,0,4,326,55,27.56,27.66,27.61,0.02,80.2,80.5,80.3,0.1,2.4,4.3,3.4,0.4,321,354,338,5,27.61,27.64,27.63,0.01,28.27,28.29,28.28,0.01,31.48,31.52,31.5,0.01,34.24,34.28,34.26,0.01,36.75,36.78,36.76,0.01,34.74,34.74,34.74,0,32.4,32.4,32.4,0,0,0,0,0,-52,-45,-49,2,0,0,0,0,1010.3,1010.4,1010.3,0
17-Mar-16 02:25:00,28.04,27.98,0.02,81.1,81.3,81.2,0.1,0.4,1.6,0.8,0.3,19,355,337,97,-39.23,31.81,18.1,21.49,0.7,87.6,67,26.2,27.85,27.99,27.94,0.03,87.3,87.6,87.5,0.1,0,5,326,61,27.56,27.66,27.61,0.02,80.2,80.4,80.3,0.1,2.5,4.1,3.2,0.3,324,354,338,5,27.59,27.61,27.6,0.01,28.25,28.27,28.26,0.01,31.44,31.48,31.46,0.01,34.19,34.24,34.21,0.01,36.72,36.75,36.73,0.01,34.74,34.74,34.74,0,32.4,32.4,32.4,0,0,0,0,0,-56,-51,-53,1,0,0,0,0,1010.3,1010.3,1010.3,0
17-Mar-16 02:30:00,27.98,27.94,0.02,81.3,81.4,81.3,0,0.3,1.6,0.6,0.3,19,355,345,128,-39.33,55.84,12.31,24.01,0.7,85,61.5,29.5,27.85,27.97,27.92,0.02,87.4,87.7,87.6,0.1,0,9,288,129,27.53,27.63,27.59,0.02,80.3,80.4,80.4,0,2.3,4.1,3.2,0.4,0,355,341,20,27.55,27.59,27.57,0.01,28.22,28.25,28.23,0.01,31.4,31.44,31.42,0.01,34.14,34.19,34.16,0.01,36.69,36.72,36.71,0.01,34.74,34.74,34.74,0,32.4,32.4,32.4,0,0,0,0,0,-59,-56,-58,1,0,0,0,0,1010.2,1010.3,1010.3,0
17-Mar-16 02:35:00,27.96,27.91,0.02,81.3,81.6,81.5,0.1,0.4,1.2,0.6,0.2,19,355,328,37,-39.37,48.92,-10.72,29.41,0.5,100,35.6,36.2,27.82,27.97,27.9,0.03,87.4,87.8,87.6,0.1,0,4,326,64,27.5,27.6,27.56,0.02,80.3,80.6,80.4,0.1,2.2,4.1,3,0.3,323,354,339,5,27.51,27.55,27.53,0.01,28.17,28.22,28.2,0.01,31.36,31.4,31.38,0.01,34.09,34.14,34.12,0.01,36.66,36.69,36.68,0.01,34.74,34.75,34.75,0,32.4,32.4,32.4,0,0,0,0,0,-59,-57,-58,1,0,0,0,0,1010.2,1010.2,1010.2,0
17-Mar-16 02:40:00,27.9,27.85,0.02,81.5,81.8,81.6,0.1,0.3,0.4,0.4,0,19,355,324,71,-39.36,60,-11.07,31.95,0,82.5,32.4,38.1,27.76,27.88,27.83,0.02,87.7,88,87.9,0.1,0,6,327,61,27.45,27.56,27.5,0.02,80.6,80.9,80.7,0.1,2.3,3.8,2.8,0.3,320,354,340,5,27.46,27.51,27.49,0.01,28.13,28.17,28.15,0.01,31.32,31.36,31.34,0.01,34.05,34.09,34.07,0.01,36.64,36.66,36.65,0.01,34.75,34.75,34.75,0,32.4,32.4,32.4,0,0,0,0,0,-59,-57,-58,0,0,0,0,0,1010.2,1010.2,1010.2,0
17-Mar-16 02:45:00,27.85,27.79,0.03,81.7,82.1,81.9,0.1,0.3,0.4,0.4,0,19,345,323,20,-39.42,27.93,-3.16,32.01,0.5,87.4,44.6,39.5,27.74,27.85,27.79,0.02,87.9,88.1,88,0.1,12,9,331,51,27.4,27.52,27.46,0.02,80.9,81.1,81,0.1,2.1,3.9,2.9,0.4,319,354,341,6,27.41,27.46,27.44,0.01,28.08,28.13,28.11,0.01,31.28,31.32,31.3,0.01,34,34.05,34.03,0.01,36.61,36.64,36.62,0.01,34.75,34.75,34.75,0,32.4,32.4,32.4,0,0,0,0,0,-60,-58,-59,0,0,0,0,0,1010.1,1010.2,1010.2,0
17-Mar-16 02:50:00,27.79,27.74,0.02,82,82.3,82.1,0.1,0.3,0.4,0.4,0,19,356,340,130,-39.41,32.33,22.92,16.45,0.4,82.9,76.5,20,27.68,27.8,27.75,0.02,88.1,88.4,88.2,0.1,0,7,325,80,27.38,27.48,27.44,0.02,81,81.2,81.1,0,2.5,4.2,3.2,0.3,326,352,340,5,27.35,27.41,27.38,0.02,28.04,28.09,28.06,0.01,31.23,31.28,31.26,0.01,33.96,34,33.98,0.01,36.59,36.61,36.6,0.01,34.75,34.75,34.75,0,32.4,32.4,32.4,0,0,0,0,0,-60,-59,-59,0,0,0,0,0,1010.1,1010.1,1010.1,0
17-Mar-16 02:55:00,27.74,27.69,0.02,82.2,82.5,82.4,0.1,0.3,1.8,0.6,0.4,19,356,345,143,-39.35,27.67,-28.55,24.05,0.4,83.1,13.5,29.5,27.65,27.77,27.72,0.02,88.3,90.2,88.8,0.5,0,9,325,83,27.4,27.48,27.44,0.02,81.1,81.2,81.1,0,2.7,4.4,3.5,0.3,328,353,342,4,27.29,27.35,27.32,0.02,27.97,28.04,28.01,0.02,31.19,31.23,31.21,0.01,33.91,33.96,33.94,0.01,36.56,36.59,36.58,0.01,34.75,34.76,34.76,0,32.4,32.4,32.4,0,0,0,0,0,-61,-59,-60,1,0,0,0,0,1010,1010.1,1010.1,0
17-Mar-16 03:00:00,27.72,27.68,0.02,82.4,82.6,82.5,0,0.4,2.2,1.1,0.4,19,355,342,114,-39.33,30.77,-0.55,30.22,0.5,83.2,45.6,35.8,27.63,27.76,27.71,0.02,88.5,89,88.6,0.1,0,9,287,128,27.35,27.47,27.41,0.03,81.2,81.6,81.4,0.1,2.5,4.6,3.7,0.4,0,354,343,43,27.24,27.29,27.26,0.01,27.91,27.97,27.94,0.02,31.14,31.19,31.16,0.01,33.87,33.91,33.89,0.01,36.53,36.56,36.55,0.01,34.76,34.76,34.76,0,32.4,32.4,32.4,0,0,0,0,0,-62,-60,-61,0,0,0,0,0,1010,1010.1,1010,0
17-Mar-16 03:05:00,27.74,27.68,0.02,82.4,82.6,82.5,0.1,0.3,2.3,0.9,0.5,19,356,334,93,-39.32,-38.55,-38.92,0.14,0.3,1.6,0.9,0.3,27.61,27.74,27.69,0.02,88.5,88.9,88.7,0.1,0,9,303,114,27.29,27.4,27.34,0.02,81.6,82,81.8,0.1,2.6,4.6,3.6,0.4,0,355,345,59,27.2,27.24,27.22,0.01,27.85,27.91,27.88,0.02,31.09,31.14,31.11,0.01,33.83,33.87,33.85,0.01,36.5,36.53,36.52,0.01,34.76,34.76,34.76,0,32.4,32.4,32.4,0,0,0,0,0,-63,-61,-62,0,0,0,0,0,1010,1010.1,1010.1,0.1
17-Mar-16 03:10:00,27.69,27.64,0.03,82.6,83,82.7,0.1,0.3,1.6,0.8,0.4,19,355,335,109,-39.15,38.23,25.31,10.91,0.6,83.5,80.5,13.6,27.56,27.69,27.63,0.03,88.8,89.2,89,0.1,0,9,288,127,27.25,27.34,27.3,0.02,82,82.2,82,0.1,2.3,4.4,3.5,0.5,0,355,345,48,27.15,27.2,27.18,0.01,27.8,27.85,27.83,0.01,31.04,31.09,31.06,0.02,33.79,33.83,33.81,0.01,36.48,36.5,36.49,0.01,34.76,34.76,34.76,0,32.4,32.4,32.4,0,0,0,0,0,-63,-61,-62,0,0,0,0,0,1010,1010,1010,0
17-Mar-16 03:15:00,27.65,27.6,0.02,82.9,83.1,83,0,0.3,2,0.7,0.4,19,355,339,122,-39.22,29.21,-14.95,31.67,0.3,93.4,30.6,39.4,27.53,27.64,27.6,0.02,89.1,89.3,89.2,0,0,8,296,111,27.18,27.3,27.25,0.02,82.1,82.4,82.2,0.1,2.2,4.7,3.5,0.5,0,354,344,56,27.11,27.15,27.13,0.01,27.76,27.8,27.78,0.01,30.99,31.04,31.01,0.01,33.74,33.78,33.76,0.01,36.45,36.48,36.46,0.01,34.76,34.77,34.76,0,32.4,32.4,32.4,0,0,0,0,0,-63,-61,-62,0,0,0,0,0,1010,1010,1010,0
17-Mar-16 03:20:00,27.62,27.58,0.02,83,83.2,83.1,0,0.4,2.2,1.1,0.5,19,355,341,106,-39.41,34.84,-3.86,32.77,0.3,84.1,44.1,40.6,27.51,27.61,27.57,0.02,89.2,89.4,89.3,0,0,9,286,130,27.14,27.26,27.21,0.02,82.3,82.5,82.4,0.1,2.1,4.1,3.1,0.3,0,356,349,112,27.07,27.11,27.09,0.01,27.71,27.76,27.74,0.02,30.94,30.99,30.96,0.02,33.7,33.74,33.72,0.01,36.42,36.45,36.43,0.01,34.77,34.77,34.77,0,32.4,32.4,32.4,0,0,0,0,0,-63,-61,-62,0,0,0,0,0,1010,1010,1010,0
17-Mar-16 03:25:00,27.62,27.56,0.03,83,83.2,83.1,0.1,0.3,1.3,0.6,0.3,19,356,2,156,-39.39,-38.9,-39.06,0.09,0.2,1.2,0.7,0.3,27.52,27.62,27.57,0.02,89.2,89.4,89.3,0.1,0,9,131,159,27.14,27.24,27.2,0.02,82.4,82.6,82.5,0,1.5,4.1,2.6,0.6,0,354,1,165,27.02,27.07,27.04,0.01,27.67,27.71,27.69,0.01,30.89,30.94,30.91,0.01,33.65,33.7,33.68,0.01,36.39,36.42,36.4,0.01,34.77,34.77,34.77,0,32.4,32.4,32.4,0,0,0,0,0,-63,-60,-62,0,0,0,0,0,1010,1010,1010,0
17-Mar-16 03:30:00,27.59,27.53,0.02,83.2,83.4,83.3,0.1,0.9,3.3,1.5,0.5,19,355,26,96,-39.55,-38.76,-39.08,0.11,0.2,1.4,0.7,0.3,27.5,27.61,27.57,0.02,89.2,89.4,89.3,0,0,9,34,74,27.12,27.23,27.17,0.02,82.5,82.8,82.6,0.1,1.8,4.1,3.1,0.5,0,355,3,151,26.98,27.02,27,0.01,27.62,27.67,27.65,0.01,30.84,30.89,30.86,0.02,33.61,33.65,33.63,0.01,36.36,36.39,36.38,0.01,34.77,34.77,34.77,0,32.4,32.4,32.4,0,0,0,0,0,-62,-60,-61,0,0,0,0,0,1010,1010,1010,0
17-Mar-16 03:35:00,27.62,27.59,0.02,83,83.2,83.1,0.1,0.3,2.3,1.2,0.4,19,355,11,150,-39.5,-38.8,-39.11,0.12,0,1.4,0.6,0.3,27.51,27.61,27.57,0.02,89.2,89.4,89.3,0,0,9,125,161,27.09,27.18,27.13,0.02,82.7,82.9,82.8,0,2.5,4.4,3.4,0.4,0,355,358,173,26.97,26.98,26.97,0,27.59,27.62,27.6,0.01,30.79,30.84,30.82,0.01,33.57,33.61,33.59,0.01,36.33,36.36,36.35,0.01,34.77,34.77,34.77,0,32.4,32.4,32.4,0,0,0,0,0,-63,-62,-62,0,0,0,0,0,1010,1010,1010,0
17-Mar-16 03:40:00,27.61,27.56,0.02,83,83.2,83.1,0,0.4,2.3,1.3,0.3,19,356,21,126,-39.59,-39.06,-39.39,0.09,0,0.6,0,0.1,27.49,27.6,27.55,0.02,89.3,89.4,89.4,0,0,9,91,147,27.08,27.15,27.12,0.02,82.8,82.9,82.8,0,2.4,4,3.4,0.4,0,355,355,166,26.94,26.97,26.96,0.01,27.55,27.59,27.57,0.01,30.74,30.79,30.77,0.01,33.52,33.57,33.54,0.01,36.3,36.33,36.32,0.01,34.77,34.78,34.78,0,32.4,32.4,32.4,0,0,0,0,0,-64,-62,-63,0,0,0,0,0,1010,1010,1010,0
17-Mar-16 03:45:00,27.56,27.52,0.02,83.1,83.4,83.2,0.1,0.4,2.6,1.3,0.4,19,355,15,140,-39.41,-39.11,-39.26,0.06,0,0.3,0.2,0.1,27.43,27.57,27.51,0.02,89.4,89.8,89.5,0.1,0,9,117,160,27.05,27.13,27.1,0.02,82.8,83,82.9,0.1,2.3,4.1,3.3,0.4,0,355,353,144,26.92,26.94,26.93,0.01,27.51,27.55,27.52,0.01,30.69,30.74,30.72,0.01,33.49,33.52,33.51,0.01,36.28,36.3,36.29,0.01,34.78,34.78,34.78,0,32.4,32.4,32.4,0,0,0,0,0,-66,-64,-65,1,0,0,0,0,1010,1010,1010,0
17-Mar-16 03:50:00,27.54,27.48,0.03,83.2,83.6,83.4,0.1,0.7,2.4,1.3,0.4,19,356,11,150,-39.28,-38.76,-39.06,0.1,0.1,1.4,0.8,0.3,27.39,27.53,27.47,0.03,89.5,89.9,89.7,0.1,0,9,136,167,27,27.11,27.06,0.02,82.9,83.2,83.1,0.1,2.8,4.5,3.4,0.3,0,356,353,149,26.89,26.92,26.9,0.01,27.46,27.51,27.48,0.01,30.65,30.69,30.67,0.01,33.44,33.49,33.47,0.01,36.25,36.28,36.26,0.01,34.78,34.78,34.78,0,32.4,32.4,32.4,0,0,0,0,0,-66,-64,-65,0,0,0,0,0,1010,1010,1010,0
17-Mar-16 03:55:00,27.47,27.42,0.02,83.6,83.9,83.7,0.1,0.4,2.1,1.2,0.4,19,355,337,101,-39.59,-38.67,-39.22,0.13,0,1.2,0.2,0.2,27.34,27.49,27.42,0.03,89.8,90.1,90,0.1,0,9,255,151,26.96,27.08,27.02,0.02,83.2,83.5,83.4,0.1,2.2,3.9,3.1,0.4,0,355,351,119,26.86,26.89,26.87,0.01,27.41,27.46,27.44,0.01,30.6,30.65,30.62,0.01,33.4,33.44,33.42,0.01,36.22,36.25,36.23,0.01,34.78,34.78,34.78,0,32.4,32.4,32.4,0,0,0,0,0,-66,-64,-65,0,0,0,0,0,1009.9,1010,1010,0
17-Mar-16 04:00:00,27.43,27.34,0.04,83.8,84.4,84.1,0.2,0.4,2.2,0.9,0.4,19,355,335,94,-39.5,29.02,-37.04,11.5,0,84.7,3,14.6,27.26,27.41,27.34,0.03,90.1,90.6,90.4,0.1,0,9,268,145,26.89,27.02,26.96,0.03,83.5,83.9,83.7,0.1,2,4.2,2.9,0.4,0,355,353,149,26.81,26.86,26.83,0.01,27.38,27.41,27.4,0.01,30.55,30.6,30.57,0.01,33.35,33.4,33.38,0.01,36.19,36.22,36.21,0.01,34.78,34.78,34.78,0,32.4,32.4,32.4,0,0,0,0,0,-66,-64,-65,0,0,0,0,0,1009.9,1009.9,1009.9,0
17-Mar-16 04:05:00,27.32,27.24,0.03,84.3,84.8,84.6,0.1,0.3,1.4,0.7,0.3,19,355,345,134,-39.57,-38.58,-39.34,0.16,0,1.3,0.2,0.3,27.21,27.34,27.27,0.03,90.6,91.1,90.8,0.1,0,9,231,164,26.85,26.96,26.9,0.02,83.8,84.1,84,0.1,1.7,3.8,2.6,0.4,0,355,354,157,26.75,26.81,26.78,0.02,27.33,27.38,27.35,0.01,30.51,30.55,30.53,0.01,33.31,33.35,33.33,0.01,36.16,36.19,36.18,0.01,34.78,34.79,34.78,0,32.4,32.4,32.4,0,0,0,0,0,-66,-64,-65,0,0,0,0,0,1009.8,1009.9,1009.9,0
17-Mar-16 04:10:00,27.24,27.19,0.02,84.7,85,84.9,0.1,0.3,1.5,0.5,0.3,19,355,16,142,-39.66,-38.71,-39.31,0.19,0,1.5,0.3,0.4,27.16,27.28,27.23,0.03,90.8,91.2,91,0.1,0,9,82,141,26.81,26.92,26.86,0.02,84.1,84.4,84.2,0.1,1.8,3.7,2.7,0.4,0,355,356,172,26.69,26.75,26.72,0.02,27.3,27.33,27.32,0.01,30.46,30.51,30.49,0.01,33.27,33.31,33.29,0.01,36.13,36.16,36.15,0.01,34.79,34.79,34.79,0,32.4,32.4,32.4,0,0,0,0,0,-66,-64,-65,0,0,0,0,0,1009.8,1009.9,1009.9,0
17-Mar-16 04:15:00,27.21,27.17,0.02,85,85.2,85.1,0.1,0.3,2,0.9,0.5,19,356,20,126,-39.63,-39.24,-39.46,0.08,0,0.1,0,0,27.16,27.25,27.21,0.02,91.1,91.3,91.2,0,0,9,87,142,26.8,26.88,26.84,0.02,84.3,84.5,84.4,0,2.3,4,3.3,0.4,0,355,358,174,26.63,26.69,26.66,0.02,27.25,27.3,27.27,0.02,30.42,30.46,30.44,0.01,33.22,33.27,33.25,0.01,36.11,36.13,36.12,0.01,34.79,34.79,34.79,0,32.4,32.4,32.4,0,0,0,0,0,-66,-64,-65,0,0,0,0,0,1009.9,1010,1009.9,0
17-Mar-16 04:20:00,27.21,27.16,0.02,85.1,85.3,85.2,0,0.3,1.8,1,0.4,19,356,22,114,-39.51,29.62,-23.43,23.5,0,89.9,20.4,29.9,27.13,27.25,27.2,0.02,91.2,91.4,91.3,0.1,0,9,102,151,26.78,26.88,26.83,0.02,84.4,84.5,84.4,0,2.2,4.3,3.3,0.4,0,355,359,169,26.58,26.63,26.61,0.02,27.19,27.25,27.22,0.02,30.37,30.42,30.39,0.01,33.18,33.22,33.2,0.01,36.08,36.11,36.09,0.01,34.79,34.79,34.79,0,32.4,32.4,32.4,0,0,0,0,0,-67,-65,-66,0,0,0,0,0,1009.9,1010,1009.9,0
17-Mar-16 04:25:00,27.19,27.15,0.02,85.2,85.3,85.2,0,0.6,1.7,1,0.2,19,356,21,108,-39.63,-38.84,-39.25,0.11,0,1.3,0.4,0.3,27.12,27.23,27.18,0.02,91.3,91.4,91.4,0,0,9,93,148,26.77,26.86,26.82,0.02,84.4,84.5,84.5,0,2.3,4.2,3.2,0.5,0,355,2,144,26.53,26.58,26.55,0.02,27.14,27.19,27.16,0.02,30.32,30.37,30.35,0.01,33.14,33.18,33.16,0.01,36.05,36.08,36.06,0.01,34.79,34.79,34.79,0,32.4,32.4,32.4,0,0,0,0,0,-67,-65,-66,0,0,0,0,0,1010,1010.1,1010,0
17-Mar-16 04:30:00,27.16,27.12,0.02,85.2,85.4,85.3,0.1,0.3,2,1.1,0.4,19,356,28,93,-39.68,-38.92,-39.49,0.11,0,1.1,0,0.1,27.1,27.2,27.16,0.02,91.4,91.6,91.5,0,0,9,58,117,26.74,26.84,26.8,0.02,84.4,84.6,84.6,0,2.2,4.5,3.3,0.4,0,355,2,144,26.49,26.53,26.51,0.01,27.09,27.14,27.11,0.01,30.27,30.32,30.3,0.01,33.09,33.14,33.12,0.01,36.02,36.05,36.03,0.01,34.79,34.79,34.79,0,32.4,32.4,32.4,0,0,0,0,0,-66,-65,-65,0,0,0,0,0,1010.1,1010.2,1010.1,0
17-Mar-16 04:35:00,27.14,27.1,0.02,85.3,85.5,85.4,0,0.5,2.6,1.2,0.3,19,355,28,103,-39.68,26.97,-36.76,12.17,0,86.2,3.6,15.8,27.05,27.18,27.13,0.02,91.5,91.7,91.6,0,0,9,76,128,26.69,26.81,26.76,0.02,84.6,84.8,84.7,0.1,2,4.6,3.2,0.5,0,354,6,123,26.45,26.49,26.47,0.01,27.05,27.09,27.07,0.01,30.23,30.27,30.25,0.01,33.05,33.09,33.07,0.01,35.99,36.02,36.01,0.01,34.79,34.8,34.79,0,32.4,32.4,32.4,0,0,0,0,0,-66,-65,-66,0,0,0,0,0,1010.1,1010.2,1010.1,0
17-Mar-16 04:40:00,27.14,27.1,0.02,85.4,85.6,85.5,0.1,1,2.7,1.8,0.4,19,355,17,133,-39.61,26.4,-37.59,10.44,0,87.1,2.5,13.8,27.05,27.16,27.11,0.02,91.7,91.8,91.8,0,0,9,67,127,26.68,26.77,26.72,0.02,84.8,84.9,84.9,0,3.5,4.9,4.1,0.3,0,355,1,142,26.43,26.45,26.44,0,27,27.05,27.02,0.01,30.18,30.23,30.2,0.01,33.01,33.05,33.03,0.01,35.96,35.99,35.98,0.01,34.8,34.8,34.8,0,32.4,32.4,32.4,0,0,0,0,0,-69,-63,-67,1,0,0,0,0,1010.1,1010.1,1010.1,0
17-Mar-16 04:45:00,27.15,27.1,0.02,85.3,85.5,85.4,0,0.4,2.5,1.5,0.4,19,356,18,139,-39.71,26.94,-38.36,8.51,0,86.3,1.5,11,27.02,27.14,27.09,0.02,91.7,91.9,91.8,0,0,9,97,148,26.68,26.77,26.71,0.02,84.7,84.9,84.9,0,2.9,4.9,3.9,0.4,0,355,358,173,26.43,26.44,26.43,0,26.96,27,26.98,0.01,30.13,30.18,30.16,0.01,32.96,33.01,32.99,0.01,35.94,35.96,35.95,0.01,34.8,34.8,34.8,0,32.4,32.4,32.4,0,0,0,0,0,-69,-67,-68,0,0,0,0,0,1010.1,1010.1,1010.1,0
17-Mar-16 04:50:00,27.11,27.07,0.02,85.4,85.5,85.4,0,0.3,2.8,1.3,0.5,19,356,17,133,-39.62,-39.37,-39.51,0.05,0,0,0,0,27.01,27.11,27.06,0.02,91.8,92,91.9,0,0,9,100,151,26.66,26.75,26.72,0.02,84.7,84.8,84.8,0,2.6,4.4,3.6,0.3,0,355,356,169,26.42,26.43,26.42,0,26.93,26.96,26.95,0.01,30.08,30.13,30.11,0.01,32.92,32.96,32.94,0.01,35.91,35.94,35.92,0.01,34.8,34.8,34.8,0,32.4,32.4,32.4,0,0,0,0,0,-69,-67,-68,1,0,0,0,0,1010.1,1010.1,1010.1,0
17-Mar-16 04:55:00,27.06,27.02,0.02,85.4,85.7,85.6,0.1,0.3,1.5,0.6,0.3,19,355,357,153,-39.74,26.86,-32.34,16.25,0,86.4,9.1,21,26.99,27.1,27.05,0.02,91.8,91.9,91.9,0,0,9,175,170,26.67,26.77,26.72,0.02,84.6,84.7,84.6,0,2,4.1,3,0.4,0,355,356,170,26.37,26.42,26.4,0.01,26.91,26.94,26.92,0.01,30.04,30.08,30.06,0.01,32.88,32.92,32.9,0.01,35.88,35.91,35.89,0.01,34.8,34.8,34.8,0,32.4,32.4,32.4,0,0,0,0,0,-70,-67,-69,0,0,0,0,0,1010.1,1010.1,1010.1,0
17-Mar-16 05:00:00,27.03,26.97,0.03,85.6,85.8,85.7,0.1,0.3,1.3,0.5,0.3,19,356,20,134,-39.76,-39.41,-39.62,0.06,0,0,0,0,26.96,27.08,27.02,0.02,91.8,92.1,91.9,0.1,0,96,149,168,26.64,26.76,26.7,0.02,84.6,84.8,84.7,0,1.7,3.8,2.6,0.5,0,355,356,169,26.32,26.37,26.35,0.02,26.88,26.91,26.89,0.01,29.99,30.04,30.02,0.01,32.84,32.88,32.86,0.01,35.85,35.88,35.87,0.01,34.8,34.8,34.8,0,32.4,32.4,32.4,0,0,0,0,0,-69,-68,-69,0,0,0,0,0,1010.1,1010.1,1010.1,0
17-Mar-16 05:05:00,26.96,26.9,0.03,85.8,86.1,85.9,0.1,0.3,1.2,0.4,0.2,19,356,357,158,-39.73,-39.41,-39.56,0.07,0,0,0,0,26.91,27.05,26.99,0.03,91.9,92.1,92,0.1,0,9,172,172,26.63,26.71,26.68,0.02,84.7,84.9,84.8,0,1.8,3.5,2.6,0.3,0,355,358,173,26.25,26.32,26.29,0.02,26.83,26.88,26.86,0.01,29.95,29.99,29.97,0.01,32.79,32.84,32.82,0.01,35.82,35.85,35.84,0.01,34.8,34.81,34.8,0,32.4,32.41,32.4,0,0,0,0,0,-69,-68,-69,0,0,0,0,0,1010.1,1010.1,1010.1,0
17-Mar-16 05:10:00,26.87,26.83,0.02,86.1,86.4,86.2,0.1,0.3,1.2,0.5,0.2,19,355,349,127,-39.87,-39.62,-39.75,0.05,0,0,0,0,26.88,27,26.95,0.02,92.1,92.4,92.2,0.1,0,9,126,166,26.61,26.69,26.65,0.02,84.8,85,84.9,0.1,1.9,3.5,2.6,0.3,0,355,357,174,26.18,26.25,26.21,0.02,26.78,26.83,26.8,0.02,29.9,29.95,29.93,0.01,32.75,32.79,32.77,0.01,35.8,35.82,35.81,0.01,34.8,34.81,34.81,0,32.4,32.4,32.4,0,0,0,0,0,-69,-66,-67,1,0,0,0,0,1010.1,1010.2,1010.2,0
17-Mar-16 05:15:00,26.83,26.75,0.03,86.4,86.6,86.5,0.1,0.3,0.4,0.4,0,19,355,346,142,-39.89,-39.72,-39.81,0.04,0,0,0,0,26.82,26.96,26.91,0.03,92.3,92.5,92.4,0.1,0,9,184,173,26.56,26.68,26.62,0.02,84.9,85.1,85,0.1,1.4,3.2,2.3,0.4,0,355,356,166,26.1,26.18,26.14,0.02,26.73,26.78,26.75,0.02,29.86,29.9,29.88,0.01,32.71,32.75,32.73,0.01,35.77,35.8,35.78,0.01,34.81,34.81,34.81,0,32.4,32.41,32.4,0,0,0,0,0,-67,-64,-66,1,0,0,0,0,1010.2,1010.3,1010.3,0
17-Mar-16 05:20:00,26.72,26.64,0.04,86.6,87,86.7,0.1,0.3,0.4,0.4,0,21,355,340,74,-39.9,-39.72,-39.84,0.04,0,0,0,0,26.81,26.91,26.87,0.02,92.5,92.7,92.6,0.1,0,9,78,141,26.52,26.63,26.59,0.02,85.1,85.3,85.2,0.1,1.4,3.2,2.2,0.3,0,355,359,172,26,26.09,26.05,0.03,26.67,26.73,26.7,0.02,29.81,29.86,29.83,0.01,32.67,32.71,32.69,0.01,35.74,35.77,35.75,0.01,34.81,34.81,34.81,0,32.4,32.41,32.4,0,0,0,0,0,-65,-63,-64,1,0,0,0,0,1010.3,1010.3,1010.3,0
17-Mar-16 05:25:00,26.62,26.51,0.04,86.9,87.3,87.1,0.1,0.3,0.4,0.3,0,21,355,0,140,-39.91,-39.74,-39.82,0.04,0,0,0,0,26.76,26.88,26.83,0.02,92.6,92.9,92.8,0.1,0,8,224,166,26.48,26.6,26.55,0.02,85.2,85.4,85.3,0.1,1.4,3.2,2.1,0.3,0,355,358,175,25.88,26,25.94,0.03,26.59,26.67,26.63,0.02,29.76,29.81,29.79,0.01,32.63,32.67,32.65,0.01,35.71,35.74,35.73,0.01,34.81,34.81,34.81,0,32.4,32.4,32.4,0,0,0,0,0,-64,-61,-63,1,0,0,0,0,1010.3,1010.3,1010.3,0
17-Mar-16 05:30:00,26.5,26.38,0.07,87.3,87.9,87.6,0.2,0.4,0.4,0.4,0,285,312,288,7,-39.9,26.72,-26.7,22.28,0,96.3,16.5,29.1,26.73,26.86,26.8,0.02,92.8,93,92.9,0,0,9,175,170,26.46,26.56,26.52,0.02,85.3,85.6,85.5,0.1,1.4,2.5,1.9,0.3,0,355,357,172,25.75,25.88,25.82,0.04,26.51,26.59,26.55,0.02,29.71,29.76,29.74,0.01,32.58,32.63,32.61,0.01,35.68,35.71,35.7,0.01,34.81,34.81,34.81,0,32.4,32.4,32.4,0,0,0,0,0,-62,-60,-61,1,0,0,0,0,1010.2,1010.3,1010.2,0
17-Mar-16 05:35:00,26.29,26.22,0.04,87.9,88.4,88.2,0.2,0.4,0.4,0.4,0,286,299,292,6,-40,-24.04,-39.69,1.3,0,15.9,0.2,1.4,26.72,26.82,26.77,0.02,93,93.2,93.1,0.1,0,9,37,93,26.46,26.55,26.51,0.02,85.5,85.6,85.5,0,1.7,3,2.3,0.3,0,355,358,174,25.62,25.75,25.69,0.04,26.43,26.51,26.47,0.02,29.66,29.71,29.69,0.02,32.54,32.58,32.56,0.01,35.66,35.68,35.67,0.01,34.81,34.81,34.81,0,32.4,32.41,32.4,0,0,0,0,0,-61,-58,-60,1,0,0,0,0,1010.2,1010.2,1010.2,0
17-Mar-16 05:40:00,26.18,26.13,0.02,88.4,89.2,88.9,0.2,0.3,0.4,0.3,0,19,355,337,146,-40,-39.9,-39.98,0.02,0,0,0,0,26.69,26.81,26.76,0.02,93.1,93.4,93.2,0.1,0,9,74,138,26.48,26.58,26.53,0.02,85.3,85.5,85.4,0.1,2,3.4,2.5,0.3,0,355,356,170,25.5,25.62,25.56,0.04,26.35,26.43,26.39,0.02,29.61,29.66,29.64,0.02,32.5,32.54,32.52,0.01,35.63,35.66,35.64,0.01,34.81,34.82,34.81,0,32.4,32.41,32.4,0,0,0,0,0,-59,-57,-58,1,0,0,0,0,1010.2,1010.4,1010.3,0.1
17-Mar-16 05:45:00,26.14,26.09,0.02,89.1,89.5,89.3,0.1,0.3,0.4,0.4,0,22,33,30,4,-40,-39.92,-39.99,0.02,0,0,0,0,26.7,26.8,26.76,0.02,93.2,93.4,93.2,0.1,0,9,16,44,26.49,26.58,26.54,0.02,85.2,85.4,85.3,0.1,1.9,3.4,2.6,0.3,0,355,1,152,25.38,25.5,25.44,0.03,26.27,26.35,26.31,0.02,29.56,29.61,29.58,0.02,32.46,32.5,32.48,0.01,35.6,35.63,35.61,0.01,34.81,34.82,34.82,0,32.4,32.41,32.4,0,0,0,0,0,-58,-56,-57,0,0,0,0,0,1010.4,1010.5,1010.5,0
17-Mar-16 05:50:00,26.19,26.12,0.03,89.4,89.6,89.5,0.1,0.3,1.3,0.6,0.3,19,342,29,36,-40,-39.88,-39.97,0.03,0,0,0,0,26.7,26.81,26.77,0.02,93.1,93.2,93.2,0,0,9,22,59,26.49,26.57,26.54,0.02,85.2,85.3,85.2,0,2.3,3.6,3,0.3,0,355,3,91,25.28,25.38,25.32,0.03,26.18,26.27,26.23,0.03,29.51,29.56,29.53,0.02,32.42,32.46,32.44,0.01,35.57,35.6,35.58,0.01,34.82,34.82,34.82,0,32.41,32.41,32.41,0,0,0,0,0,-58,-56,-57,0,0,0,0,0,1010.5,1010.6,1010.6,0
17-Mar-16 05:55:00,26.3,26.19,0.05,89.2,89.5,89.4,0.1,0.3,0.4,0.4,0,19,355,21,116,-40,-39.87,-39.98,0.03,0,0,0,0,26.7,26.81,26.77,0.02,93,93.2,93.1,0.1,0,9,44,100,26.48,26.58,26.54,0.02,85,85.2,85.1,0.1,2.8,3.9,3.4,0.2,0,355,4,53,25.24,25.28,25.25,0.01,26.12,26.18,26.15,0.02,29.45,29.51,29.48,0.02,32.37,32.42,32.4,0.01,35.54,35.57,35.56,0.01,34.82,34.82,34.82,0,32.41,32.41,32.41,0,0,0,0,0,-59,-56,-58,1,0,0,0,0,1010.6,1010.8,1010.7,0
17-Mar-16 06:00:00,26.44,26.37,0.04,88.5,89.3,88.9,0.3,0.3,0.9,0.3,0.1,19,356,12,143,-40,-39.9,-39.99,0.02,0,0,0,0,26.72,26.83,26.78,0.02,92.8,93,92.9,0.1,0,9,81,142,26.52,26.6,26.56,0.02,84.8,85.1,85,0.1,2.7,4,3.4,0.2,0,345,6,23,25.24,25.28,25.26,0.01,26.08,26.12,26.09,0.01,29.4,29.45,29.43,0.01,32.33,32.38,32.35,0.01,35.51,35.54,35.53,0.01,34.82,34.82,34.82,0,32.4,32.41,32.41,0,0,0,0,0,-61,-58,-60,1,0,0,0,0,1010.8,1010.8,1010.8,0
17-Mar-16 06:05:00,26.52,26.46,0.03,87.9,88.5,88.2,0.1,0.3,2,0.6,0.5,19,356,17,129,-40,-39.94,-40,0.01,0,0,0,0,26.74,26.85,26.8,0.02,92.7,92.9,92.8,0,0,9,46,108,26.53,26.62,26.59,0.02,84.6,84.9,84.7,0.1,2.6,4,3.5,0.3,0,355,6,49,25.28,25.33,25.3,0.01,26.06,26.08,26.07,0.01,29.35,29.4,29.38,0.01,32.29,32.33,32.31,0.01,35.49,35.51,35.5,0.01,34.82,34.82,34.82,0,32.4,32.41,32.41,0,0,0,0,0,-62,-60,-61,1,0,0,0,0,1010.8,1010.9,1010.9,0
17-Mar-16 06:10:00,26.58,26.53,0.02,87.5,88,87.7,0.1,0.3,2.1,0.8,0.5,19,356,9,147,-40,-39.89,-39.98,0.03,0,0,0,0,26.76,26.85,26.81,0.02,92.5,92.8,92.6,0.1,0,9,87,147,26.57,26.66,26.62,0.02,84.2,84.6,84.4,0.1,3,3.9,3.5,0.2,0,355,3,79,25.33,25.38,25.35,0.02,26.06,26.06,26.06,0,29.31,29.35,29.33,0.01,32.25,32.29,32.27,0.01,35.46,35.49,35.47,0.01,34.82,34.82,34.82,0,32.41,32.41,32.41,0,0,0,0,0,-63,-61,-62,1,0,0,0,0,1010.9,1010.9,1010.9,0
17-Mar-16 06:15:00,26.62,26.57,0.02,87.2,87.6,87.4,0.1,0.7,2,1.2,0.3,19,356,16,139,-40,27.91,-23.13,27.93,0,94.5,21.9,36.4,26.74,26.84,26.8,0.02,92.6,92.7,92.6,0,0,9,27,76,26.56,26.66,26.62,0.02,84.1,84.3,84.2,0.1,3,4.4,3.6,0.3,0,354,2,97,25.38,25.44,25.42,0.02,26.06,26.07,26.06,0,29.27,29.31,29.29,0.01,32.2,32.25,32.22,0.01,35.43,35.46,35.45,0.01,34.82,34.82,34.82,0,32.41,32.41,32.41,0,0,0,0,0,-63,-61,-62,1,0,0,0,0,1010.9,1010.9,1010.9,0
17-Mar-16 06:20:00,26.64,26.6,0.02,87,87.3,87.1,0.1,0.6,1.9,1.1,0.3,19,356,27,77,-39.97,-39.46,-39.84,0.11,0,0,0,0,26.72,26.84,26.79,0.02,92.6,92.8,92.7,0.1,0,9,49,106,26.58,26.65,26.62,0.02,84.1,84.2,84.2,0,2.8,4.1,3.6,0.2,0,354,4,83,25.44,25.48,25.46,0.01,26.06,26.07,26.07,0,29.23,29.27,29.25,0.01,32.16,32.2,32.18,0.01,35.4,35.43,35.42,0.01,34.82,34.82,34.82,0,32.41,32.41,32.41,0,0,0,0,0,-64,-63,-63,0,0,0,0,0,1010.9,1011,1010.9,0
17-Mar-16 06:25:00,26.65,26.6,0.02,86.9,87.1,86.9,0.1,0.3,1.5,0.6,0.3,19,355,26,63,-40,-39.78,-39.9,0.04,0,0,0,0,26.72,26.82,26.78,0.02,92.5,92.7,92.6,0.1,0,9,61,123,26.55,26.65,26.61,0.02,84.1,84.2,84.2,0,2.8,4.2,3.5,0.3,0,355,4,94,25.48,25.5,25.49,0.01,26.07,26.08,26.08,0,29.19,29.23,29.21,0.01,32.12,32.16,32.14,0.01,35.37,35.4,35.39,0.01,34.82,34.83,34.82,0,32.41,32.41,32.41,0,0,0,0,0,-64,-62,-63,1,0,0,0,0,1011,1011.1,1011.1,0
17-Mar-16 06:30:00,26.65,26.6,0.02,86.8,87,86.9,0.1,0.3,1.8,1,0.4,19,355,19,131,-40,-39.84,-39.96,0.04,0,0,0,0,26.73,26.83,26.79,0.02,92.5,92.6,92.6,0,0,9,63,122,26.59,26.69,26.64,0.02,83.9,84.1,84,0.1,3.2,4.2,3.6,0.2,0,355,3,79,25.5,25.53,25.51,0.01,26.08,26.08,26.08,0,29.16,29.19,29.18,0.01,32.08,32.12,32.1,0.01,35.35,35.37,35.36,0.01,34.82,34.83,34.83,0,32.4,32.41,32.41,0,0,0,0,0,-64,-62,-63,0,0,0,0,0,1011.1,1011.2,1011.1,0
17-Mar-16 06:35:00,26.65,26.61,0.02,86.7,86.9,86.8,0,0.3,2,1,0.3,19,355,17,135,-40,44.75,-37.8,11.51,0,88.3,2.7,14.6,26.72,26.83,26.79,0.02,92.4,92.6,92.5,0.1,0,9,38,91,26.61,26.67,26.64,0.01,83.9,84,83.9,0,3.3,4.5,3.9,0.2,0,354,4,61,25.53,25.55,25.54,0.01,26.08,26.09,26.08,0,29.13,29.16,29.15,0.01,32.04,32.08,32.06,0.01,35.32,35.35,35.33,0.01,34.83,34.83,34.83,0,32.4,32.41,32.41,0,0,4,1,1,-65,-63,-64,0,0,0,0,0,1011.2,1011.3,1011.2,0
17-Mar-16 06:40:00,26.69,26.65,0.02,86.5,86.8,86.6,0.1,0.4,2.1,1.2,0.3,19,355,15,141,-40,-39.39,-39.97,0.07,0,0,0,0,26.75,26.85,26.81,0.02,92.3,92.5,92.4,0,0,9,46,105,26.59,26.7,26.66,0.02,83.7,83.9,83.8,0.1,3.4,4.8,4,0.2,0,355,2,97,25.55,25.61,25.58,0.02,26.09,26.11,26.09,0.01,29.1,29.13,29.11,0.01,32,32.04,32.02,0.01,35.29,35.32,35.3,0.01,34.83,34.83,34.83,0,32.4,32.41,32.41,0,3,12,7,2,-66,-64,-65,1,0,0,0,0,1011.2,1011.3,1011.2,0
17-Mar-16 06:45:00,26.71,26.67,0.02,86.4,86.6,86.5,0,0.3,1.7,0.9,0.3,19,356,10,156,-40,-39.77,-40,0.02,0,0,0,0,26.75,26.85,26.8,0.02,92.2,92.4,92.4,0,0,9,66,127,26.62,26.71,26.67,0.02,83.6,83.8,83.7,0.1,3.3,4.5,4,0.2,0,355,1,134,25.61,25.64,25.62,0.01,26.11,26.14,26.12,0.01,29.07,29.1,29.08,0.01,31.97,32,31.99,0.01,35.26,35.29,35.28,0.01,34.83,34.83,34.83,0,32.4,32.41,32.41,0,11,20,15,2,-67,-64,-65,1,0,0,0,0,1011.2,1011.3,1011.2,0
17-Mar-16 06:50:00,26.77,26.7,0.03,86.2,86.4,86.4,0.1,0.3,2,1,0.4,19,355,3,159,-40,-39.93,-40,0.01,0,0,0,0,26.73,26.85,26.8,0.03,92.3,92.5,92.4,0,0,9,92,147,26.6,26.69,26.65,0.02,83.6,83.8,83.7,0.1,2.6,4.3,3.7,0.3,0,356,1,147,25.64,25.71,25.67,0.02,26.14,26.18,26.16,0.01,29.06,29.07,29.06,0,31.93,31.97,31.95,0.01,35.23,35.26,35.25,0.01,34.83,34.83,34.83,0,32.4,32.41,32.41,0,19,29,25,3,-68,-65,-66,1,0,0,0,0,1011.2,1011.3,1011.3,0
17-Mar-16 06:55:00,26.8,26.75,0.02,86.1,86.2,86.1,0,0.3,1.8,0.7,0.4,19,355,5,157,-40,27.77,-30.17,21.79,0,86.9,12.5,28.1,26.77,26.88,26.83,0.02,92.2,92.4,92.3,0.1,0,9,98,152,26.58,26.68,26.63,0.02,83.8,83.9,83.8,0,2.9,4.6,3.8,0.3,0,355,0,165,25.71,25.77,25.74,0.02,26.18,26.24,26.21,0.02,29.04,29.06,29.05,0.01,31.89,31.93,31.91,0.01,35.21,35.23,35.22,0.01,34.83,34.83,34.83,0,32.41,32.41,32.41,0,29,40,34,3,-68,-67,-67,0,0,0,0,0,1011.3,1011.4,1011.4,0
17-Mar-16 07:00:00,26.87,26.81,0.03,85.8,86.1,86,0.1,0.3,1.7,0.9,0.4,19,355,3,158,-40,-39.43,-39.94,0.14,0,0,0,0,26.77,26.89,26.85,0.02,92.2,92.4,92.2,0.1,0,9,107,156,26.62,26.69,26.65,0.02,83.6,83.8,83.7,0.1,2.6,4.4,3.5,0.3,0,356,0,165,25.77,25.86,25.81,0.03,26.24,26.33,26.28,0.03,29.02,29.04,29.03,0.01,31.85,31.89,31.87,0.01,35.18,35.21,35.19,0.01,34.83,34.83,34.83,0,32.41,32.41,32.41,0,40,52,46,3,-68,-66,-67,1,0,0,0,0,1011.3,1011.4,1011.4,0
17-Mar-16 07:05:00,27.02,26.92,0.04,85.2,85.8,85.6,0.2,0.4,2.1,1,0.4,19,356,0,156,-40,-39.87,-40,0.01,0,0,0,0,26.83,26.97,26.9,0.03,92,92.3,92.1,0.1,0,9,111,156,26.61,26.71,26.66,0.02,83.6,83.8,83.7,0,2.7,4.5,3.6,0.4,0,355,0,167,25.86,26.01,25.93,0.04,26.33,26.46,26.39,0.04,29.02,29.02,29.02,0,31.82,31.85,31.83,0.01,35.15,35.18,35.17,0.01,34.83,34.83,34.83,0,32.41,32.41,32.41,0,52,75,64,8,-69,-67,-68,0,0,0,0,0,1011.3,1011.4,1011.4,0
17-Mar-16 07:10:00,27.14,27.07,0.04,84.7,85.2,84.9,0.2,0.3,1.3,0.6,0.3,19,356,356,150,-40,-40,-40,0,0,0,0,0,26.92,27.07,26.99,0.03,91.6,92,91.8,0.1,0,9,169,171,26.64,26.75,26.7,0.02,83.4,83.6,83.5,0.1,2.2,4.5,3.5,0.5,0,355,359,173,26.01,26.17,26.09,0.05,26.46,26.63,26.55,0.05,29.02,29.02,29.02,0,31.78,31.81,31.8,0.01,35.12,35.15,35.14,0.01,34.83,34.83,34.83,0,32.41,32.41,32.41,0,75,88,81,3,-70,-69,-69,0,0,0,0,0,1011.4,1011.6,1011.5,0.1
17-Mar-16 07:15:00,27.29,27.2,0.05,83.9,84.7,84.3,0.2,0.3,1.7,0.9,0.3,19,355,355,153,-40,-40,-40,0,0,0,0,0,26.99,27.15,27.09,0.04,91.2,91.7,91.5,0.1,0,9,132,163,26.69,26.81,26.75,0.03,83.1,83.4,83.3,0.1,2.2,4.4,3.3,0.4,0,356,357,173,26.17,26.38,26.27,0.06,26.64,26.84,26.74,0.06,29.02,29.04,29.03,0.01,31.75,31.78,31.76,0.01,35.09,35.12,35.11,0.01,34.83,34.83,34.83,0,32.41,32.41,32.41,0,88,104,96,4,-72,-69,-71,1,0,0,0,0,1011.6,1011.6,1011.6,0
17-Mar-16 07:20:00,27.47,27.36,0.06,82.8,84,83.4,0.4,0.6,2.5,1.4,0.4,19,356,18,130,-40,-40,-40,0,0,0,0,0,27.1,27.26,27.18,0.04,90.6,91.3,90.9,0.2,0,9,144,167,26.71,26.86,26.79,0.04,82.7,83.2,83,0.1,2.1,4.7,3.6,0.6,0,356,356,170,26.38,26.62,26.5,0.07,26.85,27.08,26.96,0.07,29.04,29.07,29.06,0.01,31.71,31.75,31.73,0.01,35.07,35.09,35.08,0.01,34.83,34.83,34.83,0,32.41,32.41,32.41,0,104,119,112,5,-74,-71,-73,1,0,0,0,0,1011.5,1011.6,1011.6,0
17-Mar-16 07:25:00,27.63,27.55,0.05,81.9,82.8,82.3,0.3,0.4,2.4,1.4,0.4,19,356,14,149,-40,-40,-40,0,0,0,0,0,27.19,27.4,27.3,0.04,90,90.7,90.3,0.2,0,9,116,158,26.8,26.91,26.85,0.02,82.4,82.8,82.6,0.1,2.2,4.6,3.2,0.5,0,355,356,169,26.63,26.89,26.75,0.08,27.08,27.34,27.21,0.08,29.07,29.11,29.09,0.01,31.68,31.71,31.7,0.01,35.05,35.07,35.06,0.01,34.83,34.83,34.83,0,32.41,32.41,32.41,0,119,131,126,4,-75,-73,-74,1,0,0,0,0,1011.4,1011.6,1011.5,0.1
17-Mar-16 07:30:00,27.78,27.7,0.04,80.9,82,81.5,0.3,0.3,3,1.6,0.6,19,356,19,136,-40,-40,-40,0,0,0,0,0,27.33,27.5,27.42,0.04,89.3,90.1,89.7,0.2,0,9,102,151,26.84,26.99,26.9,0.03,82.1,82.5,82.3,0.1,2.3,5.2,3.6,0.6,0,355,356,170,26.89,27.16,27.02,0.08,27.34,27.6,27.48,0.08,29.11,29.17,29.14,0.02,31.66,31.68,31.67,0.01,35.02,35.05,35.04,0.01,34.83,34.83,34.83,0,32.41,32.41,32.41,0,130,144,139,4,-77,-75,-76,1,0,0,0,0,1011.6,1011.8,1011.7,0.1
17-Mar-16 07:35:00,27.95,27.85,0.05,79.9,80.9,80.4,0.3,0.3,3.8,1.7,0.9,19,356,15,142,-40,-40,-40,0,0,0,0,0,27.43,27.64,27.55,0.05,88.2,89.3,88.7,0.3,0,9,87,141,26.93,27.04,26.99,0.02,81.5,82.2,81.9,0.2,1.6,5.4,3.6,0.8,0,356,356,171,27.16,27.43,27.3,0.08,27.61,27.87,27.74,0.08,29.17,29.24,29.2,0.02,31.63,31.66,31.64,0.01,34.99,35.02,35.01,0.01,34.83,34.83,34.83,0,32.41,32.41,32.41,0,140,185,162,13,-78,-76,-77,1,0,0,0,0,1011.8,1011.8,1011.8,0
17-Mar-16 07:40:00,28.15,28.02,0.07,78.8,80.1,79.6,0.4,1.1,3.4,1.9,0.5,19,356,15,142,-40,-40,-40,0,0,0,0,0,27.55,27.83,27.69,0.07,87.5,88.4,87.9,0.3,0,9,121,159,26.95,27.23,27.09,0.06,80.5,81.6,81.1,0.3,2.2,5.7,3.7,0.7,0,355,355,168,27.43,27.73,27.58,0.09,27.87,28.19,28.03,0.09,29.24,29.33,29.28,0.02,31.61,31.63,31.62,0.01,34.96,34.99,34.98,0.01,34.83,34.83,34.83,0,32.41,32.41,32.41,0,186,222,207,11,-80,-77,-79,1,0,0,0,0,1011.8,1011.9,1011.9,0
17-Mar-16 07:45:00,28.39,28.29,0.07,77.8,78.9,78.2,0.3,0.4,3.3,1.8,0.6,19,356,14,151,-40,-40,-40,0,0,0,0,0,27.82,28.02,27.92,0.05,86.6,87.6,86.9,0.2,0,9,121,159,27.16,27.33,27.28,0.03,80,80.6,80.4,0.2,1.9,4.6,2.9,0.6,0,355,352,155,27.73,28.07,27.9,0.1,28.19,28.55,28.37,0.1,29.33,29.43,29.37,0.03,31.59,31.61,31.6,0.01,34.94,34.96,34.95,0.01,34.83,34.83,34.83,0,32.41,32.41,32.41,0,222,249,236,9,-82,-79,-81,1,0,0,0,0,1011.9,1012,1011.9,0
17-Mar-16 07:50:00,28.63,28.5,0.08,76.7,77.9,77.4,0.3,0.4,3.5,1.7,0.5,19,355,23,113,-40,-40,-40,0,0,0,0,0,27.96,28.22,28.09,0.07,85.7,86.7,86.2,0.3,0,9,127,159,27.29,27.49,27.4,0.05,79.3,80.1,79.8,0.2,1.5,5.2,3.1,0.9,0,355,356,169,28.07,28.41,28.23,0.1,28.56,28.94,28.75,0.11,29.43,29.54,29.48,0.03,31.58,31.59,31.59,0,34.91,34.94,34.92,0.01,34.83,34.83,34.83,0,32.41,32.41,32.41,0,247,259,253,4,-85,-81,-83,1,0,0,0,0,1011.9,1012,1012,0
17-Mar-16 07:55:00,28.69,28.58,0.04,76.4,77,76.6,0.2,0.9,3.9,2.2,0.7,19,356,18,136,-40,-40,-40,0,0,0,0,0,28.13,28.26,28.2,0.03,85.2,85.8,85.4,0.2,0,90,142,165,27.35,27.61,27.51,0.05,78.7,79.5,79.1,0.2,2,5.9,3.4,0.7,0,355,353,159,28.41,28.72,28.57,0.09,28.94,29.29,29.12,0.1,29.54,29.68,29.61,0.04,31.57,31.58,31.58,0,34.88,34.91,34.89,0.01,34.83,34.83,34.83,0,32.41,32.41,32.41,0,257,282,267,6,-85,-83,-84,0,0,0,0,0,1011.9,1012.2,1012,0.1
17-Mar-16 08:00:00,29.09,28.91,0.11,74.9,76.5,75.6,0.4,0.5,3.3,1.6,0.6,19,356,17,140,-40,-40,-40,0,0,0,0,0,28.22,28.58,28.45,0.07,84,85.3,84.6,0.4,0,9,137,160,27.53,27.78,27.69,0.07,78,78.8,78.5,0.2,0.6,5.6,2.9,0.8,0,355,354,162,28.72,29.06,28.89,0.1,29.29,29.66,29.48,0.11,29.68,29.83,29.75,0.04,31.57,31.57,31.57,0,34.85,34.88,34.87,0.01,34.83,34.83,34.83,0,32.41,32.41,32.41,0,275,304,286,8,-88,-83,-86,1,0,0,0,0,1012.1,1012.2,1012.1,0.1
17-Mar-16 08:05:00,29.16,29.03,0.08,74.2,75.3,74.8,0.3,1.4,4.5,2.4,0.7,19,356,23,120,-40,-40,-40,0,0,0,0,0,28.43,28.61,28.53,0.04,83.3,84.2,83.9,0.2,0,9,92,142,27.68,27.82,27.74,0.03,77.5,78.1,77.8,0.2,1.6,5.6,3.7,0.7,0,355,354,168,29.06,29.38,29.22,0.09,29.67,30.04,29.86,0.11,29.83,30,29.91,0.05,31.57,31.57,31.57,0,34.83,34.85,34.84,0.01,34.83,34.83,34.83,0,32.41,32.41,32.41,0,304,338,328,10,-88,-86,-87,1,0,0,0,0,1012.2,1012.3,1012.2,0
17-Mar-16 08:10:00,29.21,29.12,0.03,73.8,74.8,74.2,0.2,1.3,4.6,2.2,0.6,19,355,356,151,-40,-40,-40,0,0,0,0,0,28.48,28.7,28.59,0.05,82.9,84.1,83.5,0.4,0,9,171,172,27.78,27.93,27.85,0.03,76.9,77.8,77.3,0.3,2.1,6.4,3.8,1,0,356,347,123,29.39,29.67,29.53,0.08,30.04,30.38,30.21,0.1,30,30.18,30.09,0.05,31.57,31.58,31.57,0,34.8,34.83,34.81,0.01,34.83,34.83,34.83,0,32.41,32.41,32.41,0,335,356,341,5,-89,-87,-88,0,0,0,0,0,1012.1,1012.2,1012.1,0
17-Mar-16 08:15:00,29.44,29.28,0.1,72.9,74.6,73.7,0.5,0.4,4.6,2,0.8,19,356,358,152,-40,-40,-40,0,0,0,0,0,28.64,28.89,28.78,0.06,82.4,83.5,82.8,0.4,0,9,176,168,27.83,28.07,27.96,0.05,76.4,77.2,76.9,0.2,1.6,6.2,3.9,1,0,356,351,154,29.67,29.98,29.83,0.09,30.38,30.73,30.55,0.1,30.18,30.37,30.27,0.06,31.58,31.59,31.59,0,34.77,34.8,34.79,0.01,34.83,34.83,34.83,0,32.41,32.41,32.41,0,356,379,370,8,-91,-88,-89,1,0,0,0,0,1012.1,1012.2,1012.2,0
17-Mar-16 08:20:00,29.54,29.43,0.05,72.7,73.5,73,0.2,1,3.4,2,0.5,19,356,15,144,-40,-40,-40,0,0,0,0,0,28.81,29.02,28.9,0.05,81.8,82.5,82.2,0.2,0,9,117,158,27.94,28.21,28.05,0.07,76.2,76.7,76.4,0.1,2,6.1,3.7,1.1,0,356,347,128,29.98,30.26,30.11,0.08,30.73,31.08,30.9,0.1,30.37,30.56,30.46,0.06,31.59,31.61,31.6,0.01,34.75,34.77,34.76,0.01,34.83,34.83,34.83,0,32.41,32.41,32.41,0,375,425,400,13,-91,-89,-90,1,0,0,0,0,1012.2,1012.5,1012.3,0.1
17-Mar-16 08:25:00,29.87,29.71,0.09,71.4,72.8,72,0.4,0.9,4.7,2.4,0.8,19,355,334,124,-40,-40,-40,0,0,0,0,0,28.98,29.24,29.16,0.05,80.5,82.2,81.3,0.4,0,9,268,137,28.18,28.45,28.33,0.06,74.7,76.3,75.6,0.4,2.1,5.3,3.5,0.8,0,354,347,140,30.26,30.58,30.44,0.09,31.08,31.43,31.26,0.1,30.56,30.76,30.66,0.06,31.61,31.64,31.63,0.01,34.72,34.75,34.73,0.01,34.83,34.83,34.83,0,32.41,32.41,32.41,0,425,451,439,7,-92,-90,-91,1,0,0,0,0,1012.3,1012.5,1012.3,0.1
17-Mar-16 08:30:00,30.01,29.76,0.12,70.2,72.3,71.5,0.6,1,4.4,1.9,0.7,19,356,342,140,-40,-40,-40,0,0,0,0,0,29.14,29.34,29.24,0.05,79.7,81.1,80.5,0.4,0,8,266,136,28.29,28.39,28.34,0.02,74.3,75,74.8,0.2,2,6,4.2,0.8,0,356,342,93,30.58,30.86,30.72,0.08,31.43,31.77,31.6,0.1,30.76,30.98,30.87,0.06,31.64,31.67,31.66,0.01,34.69,34.72,34.71,0.01,34.83,34.83,34.83,0,32.41,32.41,32.41,0,447,473,454,5,-94,-91,-93,1,0,0,0,0,1012.3,1012.5,1012.4,0.1
17-Mar-16 08:35:00,29.96,29.81,0.08,69.9,71.2,70.7,0.3,1.7,6.1,2.9,0.8,19,356,353,149,-40,-40,-40,0,0,0,0,0,29.14,29.36,29.27,0.05,79.4,80.2,79.8,0.2,0,91,247,152,28.32,28.56,28.42,0.06,73.5,74.5,74.1,0.3,1.7,7.4,4.6,1.3,0,354,341,88,30.86,31.08,30.99,0.06,31.77,32.06,31.93,0.08,30.98,31.2,31.09,0.07,31.67,31.71,31.69,0.01,34.67,34.69,34.68,0.01,34.83,34.83,34.83,0,32.41,32.41,32.41,0,473,508,492,11,-94,-91,-92,1,0,0,0,0,1012.4,1012.5,1012.4,0
17-Mar-16 08:40:00,30.11,29.93,0.1,69.5,71.2,70.3,0.4,0.9,4.4,2.3,0.7,19,355,329,88,-40,-40,-40,0,0,0,0,0,29.23,29.56,29.4,0.09,78.8,80.2,79.4,0.4,0,9,296,107,28.34,28.63,28.51,0.08,73.3,74.2,73.8,0.2,2.1,6.6,4.5,1,0,355,341,127,31.09,31.29,31.19,0.06,32.07,32.33,32.2,0.08,31.21,31.43,31.32,0.07,31.71,31.75,31.73,0.01,34.64,34.67,34.66,0.01,34.83,34.83,34.83,0,32.41,32.41,32.41,0,491,508,499,4,-94,-91,-92,1,0,0,0,0,1012.4,1012.6,1012.5,0.1
17-Mar-16 08:45:00,30.12,30.01,0.06,69.1,70.4,69.7,0.4,1.1,5.2,2.9,0.9,19,355,339,119,-40,29.6,-29.3,24.58,0,71.6,11,25.2,29.29,29.55,29.44,0.07,78.3,79.3,78.8,0.3,0,9,278,132,28.49,28.69,28.58,0.05,72.8,73.6,73.1,0.2,1.8,7.8,5.5,1,0,355,343,83,31.3,31.47,31.39,0.05,32.33,32.56,32.46,0.07,31.44,31.67,31.55,0.07,31.76,31.81,31.78,0.01,34.62,34.64,34.63,0.01,34.83,34.83,34.83,0,32.41,32.41,32.41,0,492,512,504,4,-96,-91,-93,1,0,0,0,0,1012.4,1012.5,1012.5,0
17-Mar-16 08:50:00,30.32,30.11,0.13,68.6,70.3,69.3,0.4,1.4,5.7,2.6,0.9,19,355,353,147,-40,-40,-40,0,0,0,0,0,29.31,29.67,29.48,0.09,77.9,79.2,78.5,0.3,0,9,251,147,28.48,28.71,28.58,0.07,72.6,73.3,73,0.2,2.9,7.4,5.4,0.8,0,355,341,56,31.46,31.68,31.57,0.07,32.57,32.83,32.69,0.08,31.67,31.9,31.78,0.07,31.81,31.86,31.83,0.02,34.59,34.62,34.61,0.01,34.83,34.83,34.83,0,32.41,32.41,32.41,0,512,551,534,14,-95,-92,-93,1,0,0,0,0,1012.5,1012.6,1012.5,0
17-Mar-16 08:55:00,30.75,30.46,0.14,66.9,69,68.2,0.5,0.8,5,2.2,0.8,19,355,344,138,-40,30.8,-29.05,24.58,0,77.8,11,24.9,29.57,30.14,29.84,0.17,76.2,78.4,77.5,0.7,0,9,245,150,28.56,29.1,28.85,0.15,71.2,73.1,72.4,0.5,0.9,6,4,1.1,0,356,344,110,31.68,31.97,31.81,0.08,32.83,33.13,32.97,0.09,31.9,32.12,32.01,0.06,31.86,31.93,31.89,0.02,34.57,34.59,34.58,0.01,34.83,34.83,34.83,0,32.41,32.41,32.41,0,544,574,557,9,-96,-93,-94,1,0,0,0,0,1012.6,1012.7,1012.7,0
17-Mar-16 09:00:00,30.77,30.53,0.11,66.5,68.4,67.6,0.5,0.4,6.3,2.6,1.1,19,356,8,151,-40,-40,-40,0,0,0,0,0,29.62,30.06,29.77,0.11,76.1,78,77.2,0.5,0,9,201,168,28.73,28.99,28.83,0.06,71.3,72.3,71.8,0.3,2.4,6.8,4.6,0.9,0,355,348,114,31.97,32.2,32.08,0.06,33.13,33.44,33.28,0.08,32.12,32.35,32.23,0.07,31.93,31.99,31.96,0.02,34.55,34.57,34.56,0.01,34.83,34.83,34.83,0,32.41,32.41,32.41,0,554,620,603,18,-97,-93,-95,1,0,0,0,0,1012.7,1012.9,1012.7,0.1
17-Mar-16 09:05:00,30.83,30.64,0.06,66.1,68,67.2,0.5,1.2,6.9,2.6,0.8,19,355,348,142,-40,-40,-40,0,0,0,0,0,29.77,30.12,29.94,0.09,75.3,77.7,76.7,0.6,0,9,255,144,28.81,29.07,28.96,0.09,70.1,72.3,71.3,0.6,3.5,7,5.4,0.8,0,354,335,54,32.2,32.47,32.35,0.08,33.44,33.71,33.59,0.08,32.35,32.59,32.47,0.07,31.99,32.06,32.02,0.02,34.53,34.55,34.54,0.01,34.83,34.83,34.83,0,32.41,32.41,32.41,0,618,639,629,6,-98,-94,-96,1,0,0,0,0,1012.8,1012.9,1012.8,0.1
17-Mar-16 09:10:00,30.88,30.72,0.08,65.1,66.6,65.9,0.3,1.3,5.4,2.7,0.9,19,355,331,116,-40,30.38,-35.74,15.72,0,68.3,4.1,14.9,29.93,30.16,30.07,0.05,74.4,75.8,75.1,0.3,0,9,301,100,28.92,29.12,29.01,0.05,69.5,70.6,70,0.3,3.1,7.3,5.6,0.8,0,355,337,54,32.48,32.69,32.59,0.05,33.71,33.97,33.83,0.06,32.59,32.83,32.71,0.07,32.06,32.13,32.09,0.02,34.51,34.53,34.52,0.01,34.83,34.83,34.83,0,32.41,32.41,32.41,0,633,676,655,13,-98,-94,-96,1,0,0,0,0,1012.9,1013,1013,0
17-Mar-16 09:15:00,30.87,30.69,0.07,65.5,66.6,66.2,0.3,1.8,5.5,3,0.8,19,356,2,155,-40,-40,-40,0,0,0,0,0,29.72,30.02,29.81,0.08,75.1,76.6,76,0.3,0,9,246,159,28.93,29.1,29,0.03,70.1,70.8,70.4,0.2,3.2,6.2,5,0.7,0,354,344,62,32.69,32.9,32.78,0.05,33.97,34.24,34.09,0.07,32.83,33.07,32.95,0.07,32.13,32.21,32.17,0.02,34.49,34.51,34.5,0.01,34.83,34.83,34.83,0,32.41,32.41,32.41,0,669,690,677,6,-98,-95,-96,1,0,0,0,0,1012.9,1013,1012.9,0
17-Mar-16 09:20:00,31.45,31.19,0.15,63.2,65.8,64.7,0.6,0.4,5,2,0.9,19,355,337,121,-40,-40,-40,0,0,0,0,0,29.92,30.62,30.34,0.18,73,76.2,74.5,0.8,0,9,286,108,29.08,29.53,29.31,0.12,68.3,70.4,69.5,0.5,2.2,6,3.9,0.8,0,355,329,65,32.9,33.25,33.07,0.1,34.25,34.58,34.4,0.09,33.07,33.32,33.2,0.07,32.21,32.3,32.25,0.03,34.47,34.49,34.48,0.01,34.83,34.83,34.83,0,32.41,32.41,32.41,0,680,709,694,7,-101,-95,-98,1,0,0,0,0,1012.9,1013,1013,0
17-Mar-16 09:25:00,31.4,31.18,0.07,63.1,64.7,64.1,0.4,1.2,6.2,2.7,1,19,356,350,141,-40,-40,-40,0,0,0,0,0,30.25,30.65,30.41,0.11,72.1,74.2,73.5,0.5,0,9,252,147,29.31,29.55,29.43,0.05,67.1,68.8,68.1,0.5,2.1,6.8,4.8,0.8,0,355,343,94,33.25,33.49,33.38,0.07,34.58,34.85,34.72,0.08,33.32,33.56,33.44,0.07,32.3,32.39,32.34,0.03,34.45,34.47,34.46,0.01,34.83,34.83,34.83,0,32.41,32.41,32.41,0,663,723,712,8,-100,-97,-99,1,0,0,0,0,1012.9,1013,1012.9,0.1
17-Mar-16 09:30:00,31.61,31.37,0.14,61.9,63.8,63,0.5,1.1,5.6,3,1,19,356,1,153,-40,30.76,-34.01,18.95,0,65.8,5.5,17.4,30.23,30.76,30.53,0.16,71.5,73.3,72.5,0.5,0,9,229,164,29.41,29.78,29.6,0.1,66.6,67.7,67.1,0.3,2.9,7,5.2,0.7,0,355,348,100,33.49,33.7,33.6,0.07,34.85,35.12,35,0.08,33.56,33.81,33.68,0.07,32.39,32.48,32.43,0.03,34.43,34.45,34.44,0.01,34.83,34.83,34.83,0,32.41,32.41,32.41,0,456,742,701,65,-102,-97,-99,1,0,0,0,0,1012.9,1013,1012.9,0
17-Mar-16 09:35:00,31.77,31.44,0.22,61.4,63.8,62.8,0.8,1,4.7,2,0.8,19,355,330,121,-40,9.79,-39.66,3.36,0,37,0.3,2.7,30.23,31.15,30.64,0.29,70.5,73.6,72.4,1,0,9,307,82,29.42,29.86,29.65,0.1,66.4,67.9,67.1,0.5,1.2,6,4,0.9,0,354,328,53,33.7,33.95,33.81,0.08,35.12,35.37,35.23,0.07,33.81,34.06,33.94,0.07,32.48,32.58,32.53,0.03,34.42,34.43,34.42,0,34.83,34.83,34.83,0,32.41,32.41,32.41,0,702,757,741,16,-100,-96,-98,1,0,0,0,0,1013,1013.1,1013,0
17-Mar-16 09:40:00,31.82,31.55,0.13,61.3,63,62.3,0.4,0.8,5.7,2.2,1,19,355,324,76,-40,30.39,-37.81,8.72,0,64.7,2.1,8.5,30.54,31.21,30.81,0.19,70,72.3,71.3,0.6,0,8,306,69,29.64,29.93,29.77,0.08,65.9,67,66.5,0.3,1.2,6.4,4.5,0.8,2,354,323,21,33.95,34.22,34.07,0.07,35.37,35.64,35.49,0.08,34.07,34.32,34.19,0.07,32.58,32.68,32.63,0.03,34.4,34.42,34.41,0.01,34.83,34.83,34.83,0,32.41,32.41,32.41,0,734,769,751,10,-101,-97,-99,1,0,0,0,0,1013.1,1013.2,1013.1,0
17-Mar-16 09:45:00,31.73,31.55,0.09,61.1,62.3,61.6,0.3,1,4.8,2.7,1,20,355,294,31,-40,-40,-40,0,0,0,0,0,30.62,31.16,30.93,0.12,69.2,71.6,70.2,0.5,1,351,302,25,29.7,29.98,29.83,0.08,64.8,66.3,65.5,0.3,2.3,6.9,4.7,1,268,350,308,11,34.22,34.4,34.31,0.05,35.64,35.84,35.74,0.06,34.32,34.57,34.44,0.07,32.68,32.78,32.73,0.03,34.39,34.4,34.4,0,34.83,34.83,34.83,0,32.41,32.41,32.41,0,759,776,770,4,-101,-97,-99,1,0,0,0,0,1013.1,1013.2,1013.1,0
17-Mar-16 09:50:00,32.31,31.93,0.26,58.7,62.3,60.7,1.3,1,5.3,2.4,0.9,20,356,306,49,-40,32.74,-33.08,19.72,0,65.1,6.3,18,30.58,31.68,31.19,0.4,66.9,71.9,69.7,1.8,1,9,297,69,29.74,30.48,30.16,0.26,62.6,66.2,64.7,1.3,1.5,6.5,3.9,1.2,257,345,313,16,34.4,34.7,34.55,0.1,35.84,36.13,36,0.1,34.57,34.83,34.7,0.07,32.78,32.89,32.84,0.03,34.38,34.39,34.38,0,34.82,34.83,34.83,0,32.41,32.41,32.41,0,767,813,791,13,-102,-97,-99,1,0,0,0,0,1013.1,1013.2,1013.1,0
17-Mar-16 09:55:00,32.6,32.36,0.11,57.8,59.2,58.6,0.3,0.4,4.3,1.9,0.9,19,356,334,123,-40,-35.9,-39.98,0.24,0,0.3,0,0,31.31,31.67,31.46,0.09,67,68.5,67.9,0.4,0,9,314,73,29.99,30.3,30.15,0.07,62.9,64.1,63.6,0.3,2.8,5.6,4.2,0.6,296,349,323,9,34.71,35.04,34.87,0.1,36.13,36.48,36.31,0.1,34.83,35.08,34.96,0.07,32.89,33,32.95,0.03,34.37,34.38,34.37,0,34.82,34.83,34.82,0,32.41,32.41,32.41,0,758,805,783,15,-104,-99,-100,2,0,0,0,0,1013.1,1013.3,1013.2,0.1
17-Mar-16 10:00:00,32.55,32.35,0.13,55.7,59.2,58.4,0.8,0.8,4.8,2.4,0.9,19,355,311,74,-40,-40,-40,0,0,0,0,0,31.36,31.89,31.57,0.15,64.5,68.4,67.2,1,1,99,312,48,30.16,30.73,30.38,0.16,60.4,64.1,62.9,1,2.2,7,4.7,0.8,3,352,314,22,35.04,35.23,35.14,0.05,36.48,36.69,36.59,0.06,35.08,35.34,35.21,0.08,33,33.12,33.06,0.03,34.36,34.37,34.36,0,34.82,34.82,34.82,0,32.41,32.41,32.41,0,793,833,815,12,-104,-99,-102,1,0,0,0,0,1013.1,1013.2,1013.1,0
17-Mar-16 10:05:00,32.82,32.48,0.16,55.7,58.3,56.8,0.7,0.8,5.4,2.5,0.9,19,342,294,37,-40,-37.8,-39.99,0.13,0,0,0,0,31.55,32.07,31.77,0.14,64.1,66.3,65.2,0.5,1,4,301,31,30.27,30.89,30.59,0.19,59.2,61.4,60.5,0.6,2.2,7.3,5.3,0.8,253,336,304,10,35.23,35.45,35.36,0.06,36.69,36.92,36.82,0.06,35.34,35.6,35.47,0.08,33.12,33.24,33.18,0.03,34.35,34.36,34.35,0,34.82,34.82,34.82,0,32.41,32.41,32.41,0,803,839,821,10,-106,-100,-103,1,0,0,0,0,1013,1013.1,1013.1,0
17-Mar-16 10:10:00,32.69,32.39,0.15,55.1,57.2,56.5,0.6,0.9,4.5,2.5,0.7,20,346,289,31,-40,-40,-40,0,0,0,0,0,31.24,31.96,31.57,0.23,63.4,66.1,65,0.7,251,8,303,25,30.27,30.91,30.56,0.2,59.2,61.4,60.3,0.7,1.8,7.5,4.7,1,8,354,311,20,35.45,35.61,35.53,0.06,36.91,37.09,37.01,0.06,35.6,35.85,35.73,0.07,33.24,33.36,33.3,0.04,34.34,34.35,34.35,0,34.82,34.82,34.82,0,32.41,32.41,32.41,0,839,873,861,9,-105,-99,-103,1,0,0,0,0,1013,1013.2,1013.1,0.1
17-Mar-16 10:15:00,32.64,32.41,0.11,55.7,57.4,56.8,0.4,0.4,5.4,2.4,1.1,19,355,298,73,-40,31.65,-37.16,10.69,0,59.5,2.4,8.8,31.33,31.74,31.5,0.11,64.8,66.7,65.7,0.4,0,8,293,71,30.33,30.75,30.46,0.11,59.9,61.7,61,0.5,1.8,7.4,4.9,1.2,265,350,311,14,35.6,35.79,35.68,0.06,37.08,37.31,37.18,0.07,35.86,36.1,35.98,0.07,33.36,33.49,33.43,0.04,34.34,34.34,34.34,0,34.82,34.82,34.82,0,32.41,32.41,32.41,0,865,907,893,12,-105,-100,-102,1,0,0,0,0,1013.1,1013.2,1013.2,0
17-Mar-16 10:20:00,32.67,32.53,0.08,55.6,58.5,56.9,0.9,0.8,4.8,2.1,0.9,20,355,305,28,-40,-40,-40,0,0,0,0,0,31.25,31.96,31.56,0.22,63.9,67.8,65.9,1.2,11,9,309,45,30.43,30.8,30.61,0.1,59.7,62.2,60.8,0.7,2.4,6,4.2,0.9,280,352,315,12,35.76,35.97,35.85,0.06,37.28,37.52,37.4,0.07,36.11,36.35,36.23,0.07,33.49,33.61,33.55,0.03,34.33,34.34,34.34,0,34.82,34.82,34.82,0,32.41,32.41,32.41,0,892,921,907,8,-106,-100,-103,2,0,0,0,0,1013.1,1013.2,1013.2,0
17-Mar-16 10:25:00,32.84,32.65,0.1,54.8,56.4,55.5,0.4,0.4,4.2,2.2,0.8,19,355,303,51,-40,-40,-40,0,0,0,0,0,31.76,31.98,31.87,0.05,62.8,64.6,63.8,0.4,258,356,316,23,30.67,31.11,30.85,0.1,58.4,60.1,59.3,0.4,2.3,6.2,4.3,0.6,275,347,317,12,35.97,36.16,36.07,0.05,37.52,37.74,37.63,0.06,36.35,36.6,36.47,0.07,33.61,33.74,33.67,0.04,34.33,34.33,34.33,0,34.82,34.82,34.82,0,32.41,32.41,32.41,0,843,924,909,16,-108,-101,-104,1,0,0,0,0,1013.2,1013.2,1013.2,0
17-Mar-16 10:30:00,33.37,32.92,0.2,51.6,55.8,53.7,1.1,0.4,4.6,2.2,0.9,19,355,314,68,-40,-40,-40,0,0,0,0,0,31.54,32.51,31.94,0.3,59.6,64.9,62.4,1.3,0,9,316,59,30.57,31.39,30.87,0.28,55.7,60,58,1.1,2.3,6.2,4.5,0.8,1,354,328,28,36.15,36.38,36.27,0.07,37.74,37.99,37.88,0.07,36.6,36.83,36.71,0.07,33.74,33.87,33.8,0.04,34.33,34.33,34.33,0,34.82,34.82,34.82,0,32.41,32.41,32.41,0,852,954,939,18,-108,-103,-106,1,0,0,0,0,1013.2,1013.3,1013.3,0
17-Mar-16 10:35:00,33.34,33.16,0.09,51.9,57.3,53.3,1.4,0.5,5.6,2.1,1,19,355,319,84,-40,-40,-40,0,0,0,0,0,32.19,32.8,32.45,0.17,59.5,65,61.3,1.3,1,9,308,52,31.16,31.62,31.36,0.12,55.3,61,57.1,1.5,0.6,5.9,3.4,1,8,352,313,32,36.38,36.65,36.52,0.08,37.98,38.27,38.13,0.08,36.83,37.08,36.96,0.07,33.87,34.01,33.94,0.04,34.33,34.33,34.33,0,34.81,34.82,34.82,0,32.41,32.41,32.41,0,951,981,965,8,-109,-103,-107,1,0,0,0,0,1013.2,1013.3,1013.3,0
17-Mar-16 10:40:00,33.27,32.64,0.29,57.3,63.9,61.6,1.4,1.2,5.2,2.6,0.9,24,355,291,42,-40,-40,-40,0,0,0,0,0,31.68,32.67,32.02,0.29,65,71,69.5,1.3,204,348,289,34,30.6,31.47,30.82,0.23,61.2,66.8,65.6,1.3,2,7.2,4,1.1,241,354,291,25,36.63,36.71,36.66,0.02,38.23,38.35,38.3,0.03,37.08,37.33,37.2,0.07,34.01,34.14,34.08,0.04,34.33,34.33,34.33,0,34.81,34.81,34.81,0,32.41,32.41,32.41,0,873,975,930,25,-108,-102,-105,2,0,0,0,0,1013.2,1013.3,1013.2,0
17-Mar-16 10:45:00,32.38,32.28,0.07,63.3,64.9,64,0.4,0.4,4,2,0.8,189,322,253,21,-40,31.84,-37.35,12.83,0,65.5,2.4,11.6,31.56,31.96,31.79,0.1,70.7,72.9,71.5,0.5,204,336,274,20,30.31,30.75,30.6,0.11,66.2,68.9,67.2,0.6,1.5,5.8,3.3,0.9,221,345,286,22,36.64,36.68,36.66,0.01,38.32,38.43,38.38,0.03,37.33,37.57,37.45,0.07,34.14,34.28,34.21,0.04,34.33,34.34,34.34,0,34.81,34.81,34.81,0,32.41,32.41,32.41,0,947,993,978,11,-106,-99,-103,1,0,0,0,0,1013.1,1013.2,1013.1,0
17-Mar-16 10:50:00,32.37,32.16,0.11,64.6,66.6,65.6,0.6,1.3,5.2,2.7,0.9,200,321,269,26,-40,-39.46,-40,0.04,0,0,0,0,31.09,31.66,31.38,0.21,72.7,75.4,74,0.8,0,345,272,25,30.04,30.67,30.3,0.2,67.1,71.4,69.5,1.2,1.9,7.7,4.9,1.5,244,332,282,15,36.6,36.71,36.64,0.03,38.39,38.48,38.42,0.02,37.58,37.81,37.69,0.07,34.29,34.43,34.36,0.04,34.34,34.34,34.34,0,34.81,34.81,34.81,0,32.41,32.41,32.41,0,990,1002,996,4,-102,-99,-100,1,0,0,0,0,1013,1013.1,1013.1,0
17-Mar-16 10:55:00,32.6,32.29,0.17,64,66.8,65.5,0.6,0.5,4.8,2.1,0.9,194,336,271,29,-40,-40,-40,0,0,0,0,0,31.28,31.79,31.5,0.15,72.7,75.2,74.2,0.6,208,349,273,26,29.96,30.39,30.18,0.14,70,71.8,70.8,0.6,2,6.4,4.3,1,243,321,278,14,36.62,36.74,36.68,0.03,38.44,38.59,38.53,0.04,37.81,38.04,37.93,0.07,34.43,34.57,34.5,0.04,34.34,34.35,34.35,0,34.81,34.81,34.81,0,32.41,32.41,32.41,0,995,1022,1005,7,-104,-99,-102,1,0,0,0,0,1013,1013.2,1013.1,0.1
17-Mar-16 11:00:00,32.55,32.37,0.15,64.1,66.8,65.2,0.6,1.2,5.7,2.5,0.8,207,318,262,26,-40,-40,-40,0,0,0,0,0,31.19,31.72,31.45,0.15,73,74.9,74,0.4,130,355,267,29,29.91,30.1,30,0.05,70.1,71.6,71,0.4,2.4,7.4,5.5,0.8,237,313,275,11,36.69,36.79,36.75,0.03,38.58,38.7,38.64,0.03,38.04,38.26,38.15,0.06,34.57,34.72,34.64,0.04,34.35,34.36,34.36,0,34.81,34.81,34.81,0,32.41,32.41,32.41,0,1007,1041,1020,8,-104,-96,-101,2,0,0,0,0,1012.9,1013.2,1013,0.1
17-Mar-16 11:05:00,32.68,32.48,0.1,63.4,65.8,65.1,0.6,0.4,6.3,2.7,1,202,337,271,21,-40,-39.65,-40,0.02,0,0,0,0,31.37,31.67,31.57,0.08,73.3,75.1,74.1,0.4,189,322,271,21,29.76,30.08,29.9,0.09,70.6,72.3,71.5,0.4,3.2,8.6,6.2,1,242,318,275,9,36.78,36.92,36.85,0.04,38.68,38.82,38.75,0.04,38.26,38.47,38.37,0.06,34.72,34.87,34.79,0.04,34.36,34.37,34.37,0,34.81,34.81,34.81,0,32.41,32.41,32.41,0,495,1067,959,168,-105,-93,-98,3,0,0,0,0,1012.8,1012.9,1012.9,0
17-Mar-16 11:10:00,32.52,32.14,0.21,65,67.4,66.3,0.6,1.5,5.9,2.8,0.8,187,320,259,20,-40,31.65,-35.36,16.25,0,69.7,4.3,15.1,31.12,31.46,31.32,0.1,73.8,75.7,74.9,0.4,217,338,279,19,29.48,29.78,29.65,0.07,71.5,73.2,72.3,0.4,2.5,7.9,6.2,1,247,300,277,9,36.78,36.91,36.84,0.04,38.72,38.79,38.75,0.02,38.47,38.69,38.58,0.06,34.87,35.02,34.94,0.04,34.37,34.38,34.38,0,34.8,34.81,34.81,0,32.41,32.41,32.41,0,469,1094,921,169,-107,-92,-97,3,0,0,0,0,1012.7,1012.8,1012.8,0
17-Mar-16 11:15:00,32.85,32.45,0.27,63.4,66.6,65.2,0.9,1.1,6,2.7,0.9,188,328,259,24,-40,33.48,-36.42,14.09,0,69.4,3.3,13.3,31.15,31.85,31.59,0.19,72.8,75.2,74.1,0.6,214,330,269,22,29.75,30.08,29.94,0.07,70.9,72.6,71.6,0.4,1.6,8.3,5.5,1.4,228,322,274,14,36.8,36.93,36.88,0.04,38.77,38.9,38.85,0.04,38.69,38.9,38.8,0.06,35.02,35.16,35.09,0.04,34.38,34.4,34.39,0,34.8,34.81,34.8,0,32.41,32.41,32.41,0,1051,1079,1066,8,-98,-92,-96,1,0,0,0,0,1012.6,1012.7,1012.7,0
17-Mar-16 11:20:00,32.68,32.51,0.08,63.2,65.7,64.7,0.6,0.9,5.2,2.4,0.9,200,317,259,23,-40,-40,-40,0,0,0,0,0,31.26,31.68,31.5,0.11,73,75.1,74.2,0.5,230,337,271,21,29.79,30.12,29.92,0.08,70.7,72.8,71.9,0.5,2.1,7.5,5.5,1.2,225,312,274,11,36.91,36.98,36.94,0.02,38.88,38.98,38.93,0.02,38.9,39.1,39,0.06,35.16,35.31,35.24,0.04,34.4,34.41,34.41,0,34.8,34.8,34.8,0,32.41,32.41,32.41,0,1046,1085,1058,11,-102,-96,-99,1,0,0,0,0,1012.6,1012.7,1012.6,0
17-Mar-16 11:25:00,32.63,32.32,0.12,63.9,66.6,65.5,0.7,0.4,5.5,2.6,1,194,338,266,26,-40,-40,-40,0,0,0,0,0,31.3,31.64,31.43,0.09,73.2,75.5,74.5,0.6,207,342,274,20,29.65,29.93,29.79,0.08,71.3,73.3,72.2,0.6,3.2,9.7,6.2,1.1,239,298,275,9,36.9,36.99,36.94,0.03,38.92,39.02,38.97,0.03,39.1,39.29,39.19,0.06,35.31,35.47,35.39,0.04,34.41,34.43,34.42,0.01,34.8,34.8,34.8,0,32.41,32.41,32.41,0,1068,1091,1082,5,-102,-97,-99,1,0,0,0,0,1012.5,1012.6,1012.5,0
17-Mar-16 11:30:00,32.39,32.16,0.11,65.1,66.9,66,0.4,1.3,5.9,2.8,0.9,35,334,268,28,-40,-40,-40,0,0,0,0,0,31.13,31.55,31.28,0.13,73.5,75.7,74.8,0.5,219,329,275,19,29.49,29.88,29.73,0.1,71.3,72.8,72.1,0.4,4,8.9,6.5,1.2,243,308,275,10,36.85,36.95,36.91,0.03,38.98,39.03,39.01,0.01,39.29,39.48,39.38,0.06,35.47,35.62,35.54,0.04,34.43,34.45,34.44,0.01,34.8,34.8,34.8,0,32.41,32.41,32.41,0,1091,1113,1104,5,-101,-95,-99,1,0,0,0,0,1012.4,1012.5,1012.4,0
17-Mar-16 11:35:00,32.43,32.08,0.17,63.8,67.6,66.1,0.9,0.4,5.9,2.8,1.1,195,321,263,23,-40,-40,-40,0,0,0,0,0,31.01,31.5,31.22,0.14,73.2,76.2,75,0.7,207,43,275,25,29.59,30.01,29.83,0.11,70.8,72.9,72.1,0.5,2.2,8.4,5.8,1.3,234,310,273,12,36.78,36.9,36.83,0.03,38.93,39.08,39.01,0.05,39.48,39.66,39.57,0.05,35.62,35.77,35.7,0.04,34.45,34.47,34.46,0.01,34.8,34.8,34.8,0,32.41,32.41,32.41,0,1087,1107,1096,5,-98,-95,-97,1,0,0,0,0,1012.3,1012.4,1012.4,0
17-Mar-16 11:40:00,32.58,32.36,0.15,63.9,66.7,65,0.6,0.8,5,2.5,0.9,198,334,269,28,-40,-39.74,-40,0.03,0,0,0,0,31.06,31.48,31.27,0.1,73.6,75.5,74.6,0.4,212,331,274,21,29.74,30.12,29.9,0.1,70.6,72.5,71.7,0.4,2,7.8,5.3,1.4,218,313,275,14,36.89,37,36.94,0.03,39.07,39.17,39.12,0.03,39.66,39.84,39.75,0.05,35.77,35.93,35.85,0.04,34.47,34.49,34.48,0.01,34.79,34.8,34.8,0,32.41,32.41,32.41,0,1094,1110,1102,4,-102,-96,-99,1,0,0,0,0,1012.3,1012.5,1012.4,0.1
17-Mar-16 11:45:00,32.62,32.34,0.1,64.3,66.2,65.3,0.4,1.3,5,2.7,0.8,182,342,265,24,-40,-40,-40,0,0,0,0,0,31.09,31.77,31.3,0.17,72.9,75.6,74.7,0.6,2,345,277,28,29.74,30.14,29.93,0.1,70.9,72.5,71.7,0.4,2.3,8.6,5.6,1.3,232,308,278,12,37,37.18,37.07,0.04,39.17,39.35,39.23,0.04,39.84,40.01,39.92,0.05,35.93,36.08,36.01,0.04,34.49,34.52,34.51,0.01,34.79,34.8,34.79,0,32.41,32.41,32.41,0,1089,1114,1102,7,-103,-97,-100,1,0,0,0,0,1012.2,1012.5,1012.3,0.1
17-Mar-16 11:50:00,32.93,32.53,0.26,62.4,65.6,64.3,0.8,1.1,6.7,2.8,1.1,21,335,266,29,-40,-39.96,-40,0,0,0,0,0,31.34,31.99,31.68,0.18,71.7,74.1,73,0.6,209,336,272,19,29.81,30.19,29.99,0.12,69.8,71.7,70.9,0.4,3.3,9.1,6.4,1.2,234,316,278,10,37.17,37.28,37.24,0.03,39.33,39.42,39.38,0.02,40.01,40.19,40.1,0.05,36.08,36.24,36.16,0.04,34.52,34.54,34.53,0.01,34.79,34.79,34.79,0,32.41,32.41,32.41,0,1065,1106,1088,10,-106,-99,-102,1,0,0,0,0,1012.2,1012.3,1012.2,0
17-Mar-16 11:55:00,32.47,32.22,0.09,63.4,66.7,65.4,0.7,1,6.8,3,1.1,206,341,270,24,-40,-38.95,-39.98,0.08,0,0,0,0,31.17,31.6,31.36,0.13,72.6,75.6,74.1,0.9,198,329,271,22,29.63,29.93,29.8,0.09,70.6,73.1,71.8,0.7,2.1,9.1,6.7,1.5,228,322,275,12,37.19,37.3,37.24,0.03,39.37,39.47,39.42,0.02,40.19,40.37,40.28,0.05,36.24,36.39,36.32,0.04,34.54,34.57,34.56,0.01,34.79,34.79,34.79,0,32.41,32.41,32.41,0,1097,1131,1114,10,-101,-97,-99,1,0,0,0,0,1012.1,1012.2,1012.1,0
17-Mar-16 12:00:00,32.55,32.33,0.12,63.5,66.6,65,0.8,1.1,6.1,3.2,1,188,335,273,24,-40,-39.29,-39.99,0.05,0,0,0,0,31.24,31.84,31.53,0.16,71.7,74.9,73.5,0.8,212,326,275,19,29.68,30.1,29.93,0.11,70.4,72.6,71.3,0.4,2.3,9,6.3,1.2,227,314,277,12,37.22,37.32,37.26,0.03,39.44,39.57,39.5,0.04,40.37,40.55,40.46,0.05,36.39,36.55,36.47,0.05,34.57,34.6,34.59,0.01,34.79,34.79,34.79,0,32.41,32.41,32.41,0,1130,1141,1135,3,-103,-96,-99,1,0,0,0,0,1012.1,1012.2,1012.1,0
